1.67421e+09 -6.19117 -7.90359 0.323601
1.67421e+09 8.86195 4.66646 0.252169
1.67421e+09 -5.51366 4.17168 0.283073
1.67421e+09 13.0393 -7.63721 0.276309
1.67421e+09 -8.56401 -7.94522 0.149378
1.67421e+09 -5.35376 12.2856 0.253861
1.67421e+09 8.45575 -8.92065 0.150006
1.67421e+09 13.962 6.49107 0.168232
1.67421e+09 10.7082 -8.51916 0.14876
1.67421e+09 -2.31771 15.7651 0.238248
1.67421e+09 13.1106 -17.24 0.161643
1.67421e+09 7.86151 6.4404 0.0871165
1.67421e+09 14.6647 16.1601 0.242414
1.67421e+09 -12.6055 12.8821 0.301872
1.67421e+09 3.09343 -15.786 0.127659
1.67421e+09 16.5693 -14.9986 0.211152
1.67421e+09 21.2214 -24.3941 0.25023
1.67421e+09 23.0607 5.4452 0.241514
1.67421e+09 3.7378 24.0121 0.215407
