1.67421e+09 0.767233 -5.91303 0.23297
1.67421e+09 11.8053 -6.64721 0.338734
1.67421e+09 7.99053 -10.4532 0.252195
1.67421e+09 2.07703 8.10414 0.194857
1.67421e+09 13.5188 4.54178 0.200093
1.67421e+09 8.35357 4.55039 0.159428
1.67421e+09 28.6402 -9.91565 0.250423
1.67421e+09 -5.03252 -11.678 0.265118
1.67421e+09 4.21456 5.36554 0.0937321
1.67421e+09 -7.39953 10.9633 0.216163
1.67421e+09 -8.46254 6.63945 0.172516
1.67421e+09 -3.85829 14.7159 0.222834
1.67421e+09 11.0145 11.8399 0.224101
1.67421e+09 3.74161 -14.2773 0.187549
1.67421e+09 21.6235 10.5661 0.275481
1.67421e+09 19.2039 16.0292 0.248022
1.67421e+09 -1.93869 22.737 0.266622
