1.67421e+09 3.08079 8.86256 0.303561
1.67421e+09 7.90664 -7.48408 0.285486
1.67421e+09 -5.70154 6.94908 0.270101
1.67421e+09 0.72556 -12.2716 0.356993
1.67421e+09 14.583 9.33521 0.293718
1.67421e+09 10.5199 8.74132 0.203801
1.67421e+09 -5.87689 12.1762 0.261367
1.67421e+09 2.24161 13.756 0.247121
1.67421e+09 8.59381 -18.9511 0.300618
1.67421e+09 9.32569 13.5522 0.257217
1.67421e+09 -9.85431 9.12138 0.259065
1.67421e+09 -0.467935 -12.4826 0.203085
1.67421e+09 21.6281 7.12956 0.200746
1.67421e+09 6.95606 -18.2897 0.160178
1.67421e+09 24.8723 10.3574 0.256851
1.67421e+09 -4.72045 21.7793 0.260702
1.67421e+09 28.4454 6.45778 0.239677
