1.67421e+09 4.30969 -7.332 0.310985
1.67421e+09 -5.37792 -6.13355 0.311382
1.67421e+09 11.0059 9.56767 0.304492
1.67421e+09 6.85439 8.96108 0.16268
1.67421e+09 -2.91417 -12.0161 0.358846
1.67421e+09 5.72463 13.7462 0.245096
1.67421e+09 4.99013 -18.729 0.30602
1.67421e+09 13.6626 -13.1138 0.291225
1.67421e+09 -9.44955 12.4002 0.297789
1.67421e+09 -9.25938 7.14221 0.246217
1.67421e+09 12.5539 -7.44349 0.250109
1.67421e+09 18.0106 7.35827 0.196192
1.67421e+09 -1.36312 13.9827 0.249792
1.67421e+09 6.21031 -17.4023 0.156768
1.67421e+09 21.2583 10.5922 0.258476
1.67421e+09 3.33259 -18.0791 0.164118
1.67421e+09 24.84 6.70881 0.239931
1.67421e+09 -6.54442 -22.0513 0.274524
1.67421e+09 -4.27871 -12.2962 0.143919
1.67421e+09 -8.32904 22.0556 0.286882
