1.67421e+09 1.25227 -5.97758 0.245038
1.67421e+09 12.2632 -6.70197 0.338148
1.67421e+09 2.59098 8.01387 0.187877
1.67421e+09 8.47098 -10.5239 0.252273
1.67421e+09 14.0845 4.47181 0.200706
1.67421e+09 8.88405 4.49972 0.127932
1.67421e+09 -4.54996 -11.6924 0.266191
1.67421e+09 4.7568 5.2953 0.086756
1.67421e+09 8.17859 15.4029 0.267155
1.67421e+09 -6.82091 10.9373 0.208139
1.67421e+09 -7.9625 6.68413 0.206626
1.67421e+09 29.7631 2.4053 0.230679
1.67421e+09 -3.29335 14.782 0.277216
1.67421e+09 4.22034 -14.3208 0.179873
1.67421e+09 -2.70539 -17.6501 0.301051
1.67421e+09 19.6792 15.9141 0.244245
