1.67421e+09 5.21905 -6.01999 0.320104
1.67421e+09 -5.65225 -5.43314 0.169585
1.67421e+09 1.56062 -9.88633 0.242983
1.67421e+09 6.87255 5.20473 0.188164
1.67421e+09 10.6187 -8.78378 0.303993
1.67421e+09 1.74141 5.23536 0.149294
1.67421e+09 10.9617 6.27996 0.197987
1.67421e+09 -4.63265 8.5044 0.203264
1.67421e+09 -2.34281 5.84989 0.146149
1.67421e+09 0.842299 16.0039 0.283043
1.67421e+09 22.2078 -9.03864 0.338587
1.67421e+09 22.493 3.24667 0.269805
1.67421e+09 -4.21072 5.25804 0.132119
1.67421e+09 6.99586 7.03951 0.130584
1.67421e+09 6.20228 -9.09056 0.124029
1.67421e+09 -9.52793 -17.3793 0.296124
1.67421e+09 12.3145 16.7859 0.252022
1.67421e+09 -2.55659 -13.7659 0.168522
1.67421e+09 22.2066 11.1983 0.266089
1.67421e+09 -9.01138 4.61322 0.166976
