1.67421e+09 1.53915 -8.34333 0.325479
1.67421e+09 1.90348 6.76771 0.213488
1.67421e+09 -2.12733 5.80545 0.234935
1.67421e+09 13.166 -8.54752 0.34156
1.67421e+09 13.4502 3.60739 0.248624
1.67421e+09 5.95865 11.8715 0.258641
1.67421e+09 6.97343 -11.9599 0.168616
1.67421e+09 17.9264 -5.96102 0.322992
1.67421e+09 10.6446 -8.60776 0.167709
1.67421e+09 -7.48742 -9.37755 0.246278
1.67421e+09 20.4652 3.93649 0.258737
1.67421e+09 7.39398 6.26842 0.115462
1.67421e+09 -7.47575 5.75603 0.144284
1.67421e+09 3.36999 17.293 0.238396
1.67421e+09 13.2415 11.7337 0.282117
1.67421e+09 16.1816 15.3547 0.263873
1.67421e+09 -11.6756 -13.303 0.220872
1.67421e+09 -1.94749 7.54769 0.0813418
1.67421e+09 27.9621 4.5689 0.227994
