1.67421e+09 3.25937 -5.88777 0.323115
1.67421e+09 4.87152 5.35887 0.190047
1.67421e+09 8.61014 -8.63052 0.302317
1.67421e+09 8.94912 6.43528 0.231242
1.67421e+09 -0.35818 -9.813 0.258518
1.67421e+09 -7.75444 -5.34587 0.225144
1.67421e+09 -0.181786 5.351 0.168927
1.67421e+09 -4.43242 6.04562 0.118826
1.67421e+09 12.9064 11.5164 0.255983
1.67421e+09 2.31735 12.587 0.233887
1.67421e+09 20.1969 -8.86046 0.309465
1.67421e+09 -6.14934 5.39032 0.0868417
1.67421e+09 20.521 3.37917 0.272047
1.67421e+09 4.98567 7.19353 0.121956
1.67421e+09 -6.60201 8.58773 0.167634
1.67421e+09 10.2927 16.943 0.246505
1.67421e+09 4.21884 -8.96864 0.143761
1.67421e+09 -1.20226 16.0874 0.24944
1.67421e+09 -13.403 -11.2913 0.256287
1.67421e+09 17.7467 -8.89856 0.194897
1.67421e+09 -11.5051 -17.3222 0.312794
1.67421e+09 27.4612 3.66616 0.254226
1.67421e+09 14.0977 -12.3184 0.192757
1.67421e+09 20.1101 11.3687 0.248193
1.67421e+09 -4.50037 -13.6468 0.171536
1.67421e+09 23.0768 15.0359 0.294632
1.67421e+09 -12.5782 15.0699 0.22636
1.67421e+09 2.61334 -21.2682 0.183891
1.67421e+09 14.3963 5.93 0.115251
1.67421e+09 -10.9888 23.0842 0.269683
