1.67421e+09 1.19472 -5.97995 0.248537
1.67421e+09 12.2351 -6.71092 0.337423
1.67421e+09 2.52576 8.01797 0.184378
1.67421e+09 8.45079 -10.5194 0.261525
1.67421e+09 8.84738 4.52862 0.127484
1.67421e+09 14.0371 4.4892 0.209866
1.67421e+09 4.7198 5.31688 0.0966415
1.67421e+09 -4.60535 -11.6872 0.263965
1.67421e+09 8.1166 15.4103 0.262174
1.67421e+09 -8.01925 6.68609 0.200299
1.67421e+09 -6.88688 10.9476 0.197633
1.67421e+09 -3.30492 14.7316 0.264657
1.67421e+09 11.5989 11.8557 0.250319
1.67421e+09 -2.75437 -17.6386 0.29278
1.67421e+09 4.13169 -14.3038 0.153586
1.67421e+09 22.1036 10.4282 0.273493
