1.67421e+09 6.12822 -7.41177 0.320778
1.67421e+09 7.33794 6.80643 0.16529
1.67421e+09 1.56213 -8.61204 0.146446
1.67421e+09 22.6308 -10.2245 0.315815
1.67421e+09 -5.12174 4.44305 0.226848
1.67421e+09 21.8173 6.25737 0.302318
1.67421e+09 16.407 5.59153 0.228668
1.67421e+09 3.72887 -8.32439 0.155114
1.67421e+09 -9.58064 -10.0086 0.140941
1.67421e+09 -8.80036 16.2502 0.233771
1.67421e+09 21.4527 11.6428 0.216654
1.67421e+09 -11.8343 12.8184 0.245173
1.67421e+09 6.22738 -16.9613 0.14929
1.67421e+09 1.33216 6.86105 0.0905654
1.67421e+09 -7.66288 -18.0641 0.197499
1.67421e+09 17.0164 22.7388 0.229001
