1.67421e+09 -5.55239 -5.31079 0.288406
1.67421e+09 8.57772 -7.45187 0.301592
1.67421e+09 -10.5614 -7.58531 0.313004
1.67421e+09 3.98098 -8.73695 0.131254
1.67421e+09 9.65154 6.65849 0.134579
1.67421e+09 6.17978 -8.38458 0.153704
1.67421e+09 3.61204 6.63975 0.0950476
1.67421e+09 18.654 5.5307 0.209309
1.67421e+09 -7.21178 -10.2394 0.191222
1.67421e+09 24.1074 6.19705 0.31697
1.67421e+09 10.4875 16.3015 0.23886
1.67421e+09 -6.5156 16.0306 0.232993
1.67421e+09 8.60125 -17.1147 0.182592
1.67421e+09 -9.5389 12.5715 0.226088
1.67421e+09 5.23888 7.17581 0.106086
1.67421e+09 10.2822 22.8591 0.270706
1.67421e+09 23.7845 11.5717 0.20559
