1.67421e+09 6.63836 -6.11627 0.327818
1.67421e+09 -4.21006 -5.60113 0.229824
1.67421e+09 2.93036 -10.0032 0.249502
1.67421e+09 8.26708 5.10366 0.195673
1.67421e+09 11.9181 -8.89186 0.302769
1.67421e+09 12.4101 6.18463 0.196897
1.67421e+09 5.70186 12.3333 0.232793
1.67421e+09 3.1047 5.16526 0.150842
1.67421e+09 -3.19694 8.40563 0.165677
1.67421e+09 -9.85899 -11.5235 0.27145
1.67421e+09 -0.95514 5.77675 0.096948
1.67421e+09 2.2773 15.9299 0.290543
1.67421e+09 -7.61098 4.53865 0.147503
1.67421e+09 -2.82226 5.20925 0.086228
1.67421e+09 8.36725 6.93168 0.126457
1.67421e+09 23.9064 3.14221 0.271407
1.67421e+09 13.735 16.6554 0.237446
1.67421e+09 16.3251 11.2457 0.268539
1.67421e+09 -1.17246 -13.7967 0.161072
1.67421e+09 -8.10912 -17.4317 0.283938
1.67421e+09 7.54412 -9.20756 0.135074
1.67421e+09 -2.59135 11.5785 0.132759
