1.67421e+09 -5.32452 -6.95273 0.283126
1.67421e+09 5.75926 5.27298 0.196907
1.67421e+09 11.2562 5.54253 0.293257
1.67421e+09 10.903 -10.8524 0.294078
1.67421e+09 -8.64377 5.64496 0.25952
1.67421e+09 -3.19186 7.06859 0.125438
1.67421e+09 11.1905 10.9976 0.202284
1.67421e+09 -1.69982 16.6951 0.248373
1.67421e+09 5.5708 -19.5407 0.284431
1.67421e+09 -2.37691 -14.5969 0.178354
1.67421e+09 19.0011 -12.0349 0.259462
1.67421e+09 7.47273 22.4266 0.231128
1.67421e+09 1.76274 -24.396 0.263867
1.67421e+09 -10.0536 -7.92321 0.150256
1.67421e+09 15.2589 23.2128 0.243102
