1.67421e+09 11.3317 -6.53775 0.297348
1.67421e+09 0.424311 -5.84756 0.245146
1.67421e+09 7.66172 -10.4058 0.246566
1.67421e+09 7.94608 4.64162 0.14423
1.67421e+09 13.0597 4.61804 0.188904
1.67421e+09 3.82319 5.43204 0.111216
1.67421e+09 7.17358 15.5474 0.282428
1.67421e+09 -5.38039 -11.6838 0.271656
1.67421e+09 1.68165 8.12423 0.160638
1.67421e+09 -4.28701 14.7439 0.219298
1.67421e+09 -8.85389 6.68711 0.164093
1.67421e+09 3.43712 -14.2226 0.183624
1.67421e+09 10.695 11.9753 0.235926
1.67421e+09 18.7304 16.1122 0.227991
1.67421e+09 -2.44525 22.7491 0.262769
1.67421e+09 -21.7112 -13.7429 0.274138
