1.67421e+09 2.46254 -5.82321 0.321446
1.67421e+09 4.0756 5.44669 0.206206
1.67421e+09 7.86188 -8.47616 0.303976
1.67421e+09 8.13175 6.48357 0.215601
1.67421e+09 -0.980527 5.40295 0.141835
1.67421e+09 -1.13782 -9.75445 0.265903
1.67421e+09 -8.51171 -5.21884 0.227093
1.67421e+09 19.5276 -8.74496 0.326628
1.67421e+09 1.48328 12.6531 0.242698
1.67421e+09 12.0949 11.6106 0.260968
1.67421e+09 19.7084 3.46543 0.262232
1.67421e+09 -2.01993 16.2241 0.310714
1.67421e+09 4.16984 7.25463 0.116069
1.67421e+09 -5.17936 6.07989 0.115883
1.67421e+09 -6.89869 5.32135 0.175693
1.67421e+09 13.3525 -12.2309 0.18866
1.67421e+09 16.8828 -8.6921 0.198912
1.67421e+09 -12.2642 -17.2399 0.307202
1.67421e+09 26.7084 3.82692 0.267072
1.67421e+09 -5.30201 -13.6108 0.180519
1.67421e+09 19.386 11.5076 0.228455
