1.67421e+09 10.517 -8.44499 0.330646
1.67421e+09 10.8024 3.69524 0.245151
1.67421e+09 -1.04188 -8.19174 0.288074
1.67421e+09 -0.965578 6.99091 0.237738
1.67421e+09 -5.08294 5.99196 0.229559
1.67421e+09 15.2078 -5.86473 0.294167
1.67421e+09 3.37275 12.0091 0.251704
1.67421e+09 4.25559 -11.8431 0.179568
1.67421e+09 7.88946 -8.4517 0.180447
1.67421e+09 17.8544 4.01815 0.267941
1.67421e+09 10.6514 11.7917 0.253471
1.67421e+09 4.78222 6.39867 0.103467
1.67421e+09 -7.50196 13.1979 0.274558
1.67421e+09 0.784594 17.4769 0.247005
1.67421e+09 -4.81224 7.71823 0.102534
1.67421e+09 25.3543 4.63331 0.221193
