1.67421e+09 11.102 -6.55819 0.349559
1.67421e+09 0.212464 -5.83375 0.242397
1.67421e+09 7.44087 -10.384 0.258132
1.67421e+09 12.8432 4.63772 0.194242
1.67421e+09 7.67751 4.61058 0.14104
1.67421e+09 3.58453 5.43899 0.10004
1.67421e+09 -5.59344 -11.6641 0.265658
1.67421e+09 1.47473 8.17353 0.179318
1.67421e+09 6.96911 15.5539 0.311449
1.67421e+09 -3.74767 -17.6562 0.340357
1.67421e+09 -9.06215 6.71715 0.165611
1.67421e+09 -4.52527 14.7721 0.240923
1.67421e+09 3.20989 -14.1702 0.153276
1.67421e+09 18.4538 16.1347 0.237003
1.67421e+09 -2.72326 22.7973 0.296289
1.67421e+09 10.2131 -21.8212 0.197687
