1.67421e+09 1.38693 -5.99791 0.254156
1.67421e+09 14.2731 4.46097 0.202868
1.67421e+09 12.4109 -6.71899 0.330193
1.67421e+09 2.76513 8.02116 0.202853
1.67421e+09 8.62537 -10.531 0.247122
1.67421e+09 -4.42058 -11.7155 0.263833
1.67421e+09 9.10645 4.4565 0.134614
1.67421e+09 8.36865 15.4086 0.281263
1.67421e+09 4.95383 5.30465 0.107518
1.67421e+09 -6.65987 10.9438 0.19961
1.67421e+09 -7.7751 6.67392 0.177038
1.67421e+09 4.3037 -14.2256 0.164241
1.67421e+09 11.6805 11.705 0.232498
1.67421e+09 -3.08703 14.7718 0.242149
1.67421e+09 -2.58049 -17.6587 0.305473
1.67421e+09 3.37216 11.0776 0.119193
