1.67421e+09 -4.96258 -6.80764 0.295774
1.67421e+09 3.43411 -6.84472 0.236958
1.67421e+09 4.47117 -12.5007 0.282027
1.67421e+09 8.83246 7.98424 0.194602
1.67421e+09 1.92708 10.2134 0.267191
1.67421e+09 -9.56256 9.76213 0.32872
1.67421e+09 -12.1219 -11.2892 0.300817
1.67421e+09 -2.12681 9.63477 0.192508
1.67421e+09 15.7005 7.32415 0.234527
1.67421e+09 -10.4444 14.6218 0.261565
1.67421e+09 7.73539 -12.7155 0.199381
1.67421e+09 23.3056 15.0887 0.329063
1.67421e+09 8.58762 21.2023 0.249579
1.67421e+09 -5.7638 -17.4536 0.178414
1.67421e+09 -0.872127 25.5246 0.259947
