1.67421e+09 7.04742 -6.13837 0.329075
1.67421e+09 3.36414 -10.0177 0.242782
1.67421e+09 -3.76148 -5.60201 0.219654
1.67421e+09 8.70735 5.07216 0.18856
1.67421e+09 12.5422 -8.95668 0.310522
1.67421e+09 6.14982 12.3149 0.231433
1.67421e+09 12.7946 6.13142 0.202315
1.67421e+09 -9.43685 -11.53 0.24871
1.67421e+09 -2.73593 8.395 0.167355
1.67421e+09 2.72351 15.9207 0.292341
1.67421e+09 -7.47987 -17.4619 0.26902
1.67421e+09 -7.17296 4.51826 0.147976
1.67421e+09 -0.468433 5.74012 0.101785
1.67421e+09 2.95281 10.3704 0.164697
1.67421e+09 3.45521 5.07377 0.098472
1.67421e+09 24.4342 3.14342 0.283141
1.67421e+09 24.027 -9.20894 0.327815
1.67421e+09 14.1984 16.6333 0.243389
1.67421e+09 8.78782 6.89967 0.119977
1.67421e+09 -2.41021 5.17642 0.102066
1.67421e+09 16.8018 11.2127 0.276662
1.67421e+09 -0.711512 -13.8572 0.159657
1.67421e+09 -8.70001 14.9306 0.225091
1.67421e+09 6.31319 -21.479 0.174112
1.67421e+09 -12.1703 11.1208 0.2203
1.67421e+09 8.01803 -9.19299 0.101743
1.67421e+09 -13.159 6.83392 0.194837
1.67421e+09 9.84611 23.1263 0.247842
