1.67421e+09 1.42317 -6.00335 0.255063
1.67421e+09 12.4265 -6.73706 0.331456
1.67421e+09 2.8116 8.00617 0.191767
1.67421e+09 8.67908 -10.5456 0.264077
1.67421e+09 -4.39058 -11.7291 0.27466
1.67421e+09 9.13943 4.50052 0.143644
1.67421e+09 14.2993 4.44144 0.185361
1.67421e+09 5.009 5.26987 0.102422
1.67421e+09 8.4286 15.4658 0.311747
1.67421e+09 -7.73937 6.6759 0.186004
1.67421e+09 11.7356 11.6927 0.237908
1.67421e+09 -6.61562 10.9467 0.197151
1.67421e+09 -2.60382 -17.7036 0.302477
1.67421e+09 -3.04779 14.7657 0.239147
1.67421e+09 4.38842 -14.3305 0.209303
1.67421e+09 19.9087 15.8896 0.239723
