1.67421e+09 7.56142 4.73955 0.254746
1.67421e+09 -7.51853 -7.77868 0.314799
1.67421e+09 11.7343 -7.55346 0.315361
1.67421e+09 -6.77884 4.28577 0.278839
1.67421e+09 7.11394 -8.84755 0.143561
1.67421e+09 9.33068 -8.45369 0.140745
1.67421e+09 -6.62992 12.3867 0.24194
1.67421e+09 12.6725 6.57882 0.15512
1.67421e+09 13.4012 16.2261 0.243419
1.67421e+09 -9.94526 -7.86472 0.185346
1.67421e+09 6.57245 6.53698 0.0940098
1.67421e+09 -3.58009 15.8819 0.238617
1.67421e+09 8.17864 7.05356 0.14171
1.67421e+09 11.798 -17.1867 0.178819
1.67421e+09 -13.8736 13.0004 0.299566
1.67421e+09 21.6998 5.5372 0.235575
