1.67421e+09 -5.46727 4.68319 0.304593
1.67421e+09 5.84755 -7.35922 0.312805
1.67421e+09 -8.21835 -5.03669 0.27001
1.67421e+09 7.01965 6.81704 0.154027
1.67421e+09 21.4872 6.24178 0.324827
1.67421e+09 22.4181 -10.2717 0.337178
1.67421e+09 1.23539 -8.60605 0.156802
1.67421e+09 16.0785 5.61689 0.221359
1.67421e+09 3.40465 -8.29419 0.137702
1.67421e+09 7.86447 16.4593 0.229696
1.67421e+09 -10.0417 -10.0327 0.168362
1.67421e+09 -9.1214 16.294 0.235841
1.67421e+09 21.0965 11.6543 0.221104
1.67421e+09 -12.1688 12.8741 0.260192
1.67421e+09 -6.73908 -8.69884 0.133025
1.67421e+09 -8.04095 -18.0412 0.21563
1.67421e+09 1.007 6.92188 0.110564
1.67421e+09 16.6991 22.7644 0.224632
