1.67421e+09 4.86621 -6.62506 0.305853
1.67421e+09 9.72043 8.29572 0.305711
1.67421e+09 0.996885 6.49852 0.273228
1.67421e+09 7.87242 -12.6523 0.330176
1.67421e+09 14.5469 -8.02458 0.269973
1.67421e+09 -3.0675 8.71278 0.206086
1.67421e+09 0.868769 11.7375 0.275773
1.67421e+09 1.9873 -10.9291 0.183197
1.67421e+09 -6.55597 -11.2739 0.224999
1.67421e+09 8.99756 13.2713 0.251979
1.67421e+09 17.2797 8.26127 0.195922
1.67421e+09 -13.348 6.58516 0.252237
1.67421e+09 21.3206 8.8069 0.28647
1.67421e+09 6.4279 -13.0191 0.145295
1.67421e+09 -13.283 12.0422 0.234223
