1.67421e+09 5.26338 3.55149 0.181022
1.67421e+09 4.68745 -8.48521 0.343526
1.67421e+09 9.58519 -5.96513 0.270908
1.67421e+09 -6.93959 -7.8152 0.270568
1.67421e+09 12.4186 3.76791 0.266698
1.67421e+09 5.16737 11.7285 0.282723
1.67421e+09 2.20444 -8.53534 0.19118
1.67421e+09 -6.30055 7.23944 0.229328
1.67421e+09 8.10971 -10.989 0.183565
1.67421e+09 19.8644 4.22286 0.238915
1.67421e+09 -12.1546 -4.87055 0.299822
1.67421e+09 8.20826 15.2765 0.244502
1.67421e+09 -2.05633 12.2162 0.254445
1.67421e+09 -0.747253 6.58045 0.121542
1.67421e+09 3.8721 5.35157 0.127417
1.67421e+09 -1.4652 -11.7249 0.158856
1.67421e+09 -12.5897 13.6591 0.271411
