1.67421e+09 -6.21615 -5.26038 0.292606
1.67421e+09 7.92678 -7.44072 0.294528
1.67421e+09 -11.2073 -7.53344 0.31089
1.67421e+09 3.31471 -8.69697 0.135231
1.67421e+09 8.97627 6.72029 0.164545
1.67421e+09 2.9347 6.679 0.100391
1.67421e+09 5.47727 -8.39131 0.173029
1.67421e+09 18.035 5.556 0.200289
1.67421e+09 -7.88886 -10.1991 0.154261
1.67421e+09 4.49579 7.14328 0.104513
1.67421e+09 9.80352 16.3588 0.237125
1.67421e+09 23.5182 6.25941 0.296953
1.67421e+09 7.947 -17.0553 0.166128
1.67421e+09 -7.16411 16.1059 0.235423
1.67421e+09 -5.85904 -18.2138 0.185693
1.67421e+09 -17.4584 13.2686 0.302268
1.67421e+09 23.0943 11.628 0.212147
1.67421e+09 -17.5057 -10.7133 0.246212
