1.67421e+09 1.68538 -7.34997 0.335901
1.67421e+09 3.17584 6.8672 0.135108
1.67421e+09 12.1983 5.48825 0.22485
1.67421e+09 17.7591 6.06552 0.332572
1.67421e+09 18.1411 -10.4364 0.296839
1.67421e+09 -9.23404 5.00864 0.261526
1.67421e+09 -1.8946 5.23401 0.282455
1.67421e+09 17.4133 11.4606 0.204976
1.67421e+09 4.80479 -14.7845 0.203073
1.67421e+09 4.23973 16.5549 0.244051
1.67421e+09 -4.35484 19.9673 0.338792
1.67421e+09 -2.91481 -8.38704 0.124955
1.67421e+09 -12.4378 -17.628 0.199907
1.67421e+09 -1.21409 7.53133 0.126656
1.67421e+09 13.0962 22.6747 0.231848
1.67421e+09 -12.7216 16.7036 0.216184
1.67421e+09 -15.8275 13.3634 0.246479
1.67421e+09 20.8952 23.8243 0.265886
1.67421e+09 -6.42177 24.7891 0.203969
