1.67421e+09 6.57894 -8.55333 0.338678
1.67421e+09 7.23378 3.57147 0.235108
1.67421e+09 -4.99056 -7.95942 0.272122
1.67421e+09 11.6794 -6.01413 0.263125
1.67421e+09 -4.49846 7.10769 0.217642
1.67421e+09 7.02857 11.7383 0.308681
1.67421e+09 14.2439 3.72171 0.250411
1.67421e+09 -10.2546 -5.04189 0.322464
1.67421e+09 4.11529 -8.5548 0.14818
1.67421e+09 -0.248037 12.1132 0.261861
1.67421e+09 9.92218 -11.0983 0.177305
1.67421e+09 21.7497 4.21046 0.237044
1.67421e+09 -8.43283 6.20834 0.204315
1.67421e+09 1.08171 6.54133 0.14469
1.67421e+09 0.418235 -11.8452 0.180422
1.67421e+09 10.0002 15.2172 0.226711
1.67421e+09 -10.8451 13.532 0.292296
1.67421e+09 -2.69461 17.6261 0.247128
1.67421e+09 -3.04705 -17.3831 0.204814
1.67421e+09 -14.0128 -8.76502 0.216648
