1.67421e+09 5.66811 -8.52051 0.361145
1.67421e+09 6.27696 3.57732 0.243104
1.67421e+09 10.5777 -5.94667 0.31508
1.67421e+09 -5.97776 -7.85246 0.249356
1.67421e+09 3.16346 -8.54902 0.179292
1.67421e+09 -5.39973 7.14256 0.204672
1.67421e+09 13.3454 3.76705 0.262776
1.67421e+09 6.05746 11.7364 0.266534
1.67421e+09 -11.1785 -4.97024 0.288166
1.67421e+09 -1.18483 12.1703 0.264531
1.67421e+09 20.8167 4.23672 0.236434
1.67421e+09 4.83915 5.19505 0.185275
1.67421e+09 9.05627 -11.0497 0.181888
1.67421e+09 9.05257 15.2409 0.248464
1.67421e+09 -0.507437 -11.7962 0.182731
1.67421e+09 0.155916 6.61868 0.132933
1.67421e+09 -9.36097 6.25687 0.198333
1.67421e+09 -11.7604 13.5602 0.278455
1.67421e+09 -3.95087 -17.4412 0.231564
1.67421e+09 -3.60494 17.6625 0.250981
1.67421e+09 -14.8937 -8.73642 0.22223
1.67421e+09 -9.25229 8.08986 0.136352
