1.67421e+09 3.68334 -7.28119 0.321027
1.67421e+09 -7.48187 4.8534 0.283111
1.67421e+09 -10.4373 -4.87413 0.31694
1.67421e+09 4.939 6.85583 0.155837
1.67421e+09 19.9552 -10.216 0.278558
1.67421e+09 19.5014 6.16271 0.310491
1.67421e+09 13.9782 5.55908 0.218257
1.67421e+09 5.94314 16.5342 0.242975
1.67421e+09 -0.951036 -8.47012 0.131409
1.67421e+09 19.1124 11.5575 0.192586
1.67421e+09 -1.01323 6.98956 0.0930152
1.67421e+09 -14.1154 13.1464 0.248696
1.67421e+09 1.19607 -8.16168 0.103189
1.67421e+09 -10.3978 -17.7864 0.191128
1.67421e+09 -11.0169 16.5522 0.219539
1.67421e+09 5.8619 23.1583 0.249232
1.67421e+09 0.564691 7.42241 0.104847
1.67421e+09 -12.535 -9.73419 0.159171
1.67421e+09 3.48825 -16.7932 0.16681
