1.67421e+09 4.11009 10.1347 0.326441
1.67421e+09 5.7617 -6.83595 0.217672
1.67421e+09 -7.36449 9.6206 0.321718
1.67421e+09 -9.78323 -11.4754 0.319621
1.67421e+09 6.77691 -12.5715 0.280202
1.67421e+09 11.0885 7.9519 0.18659
1.67421e+09 14.2804 11.1889 0.267561
1.67421e+09 -1.16956 14.3208 0.258336
1.67421e+09 0.135954 9.52109 0.217871
1.67421e+09 -8.25179 14.501 0.265413
1.67421e+09 17.9823 7.36136 0.258165
1.67421e+09 10.6558 21.1396 0.260991
1.67421e+09 12.0929 -6.92645 0.207656
1.67421e+09 -1.69162 -18.1957 0.286405
