1.67421e+09 2.42125 -7.21974 0.280175
1.67421e+09 -2.29028 9.27258 0.334657
1.67421e+09 9.16544 9.68217 0.307112
1.67421e+09 5.0681 9.11377 0.170377
1.67421e+09 -4.67917 -11.9468 0.36278
1.67421e+09 11.8888 -12.9828 0.284334
1.67421e+09 3.89186 13.8856 0.255157
1.67421e+09 3.1835 -18.6068 0.289192
1.67421e+09 10.844 -7.27581 0.200223
1.67421e+09 -10.2267 -10.1978 0.164902
1.67421e+09 16.198 7.49809 0.184274
1.67421e+09 -11.3289 12.4895 0.298984
1.67421e+09 19.4184 10.718 0.250774
1.67421e+09 -11.0831 7.19438 0.26413
1.67421e+09 22.9903 6.86716 0.234346
1.67421e+09 1.62981 -17.9861 0.177114
