1.67421e+09 8.32276 -6.25842 0.353782
1.67421e+09 -2.56834 -5.65928 0.22728
1.67421e+09 4.53441 -10.111 0.245043
1.67421e+09 13.6829 -8.98099 0.30557
1.67421e+09 9.94575 4.9775 0.195311
1.67421e+09 -5.97053 4.48245 0.15794
1.67421e+09 3.93012 15.8213 0.289466
1.67421e+09 14.024 6.0207 0.190998
1.67421e+09 0.733935 5.67991 0.115834
1.67421e+09 -8.24949 -11.5064 0.250087
1.67421e+09 -1.49364 8.3396 0.173248
1.67421e+09 7.37068 12.2151 0.234923
1.67421e+09 4.0286 10.0972 0.134416
1.67421e+09 -1.15581 5.10251 0.0835793
1.67421e+09 18.0025 11.1002 0.260723
1.67421e+09 -11.9057 6.7376 0.180343
1.67421e+09 25.5504 2.87456 0.286206
1.67421e+09 -10.9484 11.053 0.195852
1.67421e+09 9.98502 6.78979 0.106749
1.67421e+09 -7.52581 14.8703 0.260446
1.67421e+09 0.448496 -13.9329 0.162667
1.67421e+09 -6.32355 -17.4493 0.263308
1.67421e+09 11.0983 22.9919 0.221081
