1.67421e+09 3.93857 -5.75968 0.27419
1.67421e+09 6.44896 3.96742 0.263071
1.67421e+09 -0.995941 -8.19104 0.316057
1.67421e+09 13.8712 4.44397 0.238574
1.67421e+09 2.37784 -10.7804 0.186104
1.67421e+09 18.6041 -7.80638 0.313498
1.67421e+09 -7.67265 12.5427 0.287865
1.67421e+09 -0.413429 11.9904 0.23128
1.67421e+09 -3.52125 -8.21226 0.23363
1.67421e+09 2.597 15.4903 0.229995
1.67421e+09 13.8735 -9.13041 0.163679
1.67421e+09 -7.26502 -11.4056 0.158575
1.67421e+09 4.54663 -18.744 0.219429
1.67421e+09 -6.24845 6.80069 0.126549
1.67421e+09 16.0537 -8.76651 0.150648
1.67421e+09 19.6055 15.9527 0.247379
1.67421e+09 -11.7431 7.51157 0.180008
1.67421e+09 8.63081 23.7493 0.211589
