1.67421e+09 2.91522 -5.77511 0.293623
1.67421e+09 5.4414 3.99194 0.257381
1.67421e+09 -2.04624 -8.13674 0.306759
1.67421e+09 12.8502 4.47097 0.247697
1.67421e+09 17.1723 -7.79351 0.292051
1.67421e+09 1.41631 -10.7452 0.16519
1.67421e+09 -1.39801 12.0148 0.227002
1.67421e+09 15.1486 -8.59019 0.230973
1.67421e+09 -8.66748 12.6008 0.295625
1.67421e+09 -4.51904 -8.16776 0.156334
1.67421e+09 1.62113 15.5415 0.235438
1.67421e+09 -8.34948 -11.3238 0.166544
1.67421e+09 12.8498 -9.12088 0.177677
1.67421e+09 -13.4302 -7.43683 0.263787
1.67421e+09 3.56781 -18.7113 0.240001
1.67421e+09 18.6044 15.947 0.230119
1.67421e+09 17.4364 -17.4079 0.211855
1.67421e+09 7.68384 23.812 0.279691
