1.67421e+09 11.5274 5.78287 0.295428
1.67421e+09 -2.92214 5.94362 0.278554
1.67421e+09 7.34545 8.32011 0.261618
1.67421e+09 4.18321 -11.7542 0.242939
1.67421e+09 15.8986 -7.18913 0.291474
1.67421e+09 -2.82716 11.461 0.246942
1.67421e+09 -8.396 5.85499 0.214899
1.67421e+09 20.6547 7.9265 0.287604
1.67421e+09 11.3812 11.2112 0.25378
1.67421e+09 18.5247 -12.9922 0.315977
1.67421e+09 25.7333 -8.40976 0.315706
1.67421e+09 19.5419 12.8993 0.239393
1.67421e+09 -17.1329 -13.7292 0.198022
1.67421e+09 -15.4276 17.6032 0.277698
