1.67421e+09 8.49417 -6.28164 0.346117
1.67421e+09 -2.36961 -5.68654 0.234786
1.67421e+09 4.73421 -10.144 0.256004
1.67421e+09 10.1427 4.95174 0.199389
1.67421e+09 13.7602 -9.05029 0.291627
1.67421e+09 -5.77819 4.46353 0.154054
1.67421e+09 4.14918 15.7933 0.296699
1.67421e+09 -8.08766 -11.575 0.258223
1.67421e+09 14.2325 5.99098 0.189269
1.67421e+09 0.953292 5.64406 0.126412
1.67421e+09 8.58985 -23.1554 0.299585
1.67421e+09 7.56106 12.1822 0.240655
1.67421e+09 -1.30869 8.3108 0.15974
1.67421e+09 -0.956226 5.05035 0.114377
1.67421e+09 18.2234 11.051 0.265346
1.67421e+09 -10.775 11.0597 0.230927
1.67421e+09 25.782 2.87545 0.271755
1.67421e+09 15.6708 16.477 0.251748
1.67421e+09 0.644618 -13.9441 0.165299
1.67421e+09 -11.7502 6.73348 0.148798
1.67421e+09 -5.58075 22.9026 0.313774
1.67421e+09 11.334 22.9552 0.207304
