1.67421e+09 -1.69168 5.9024 0.291673
1.67421e+09 -2.20827 -10.5215 0.291401
1.67421e+09 5.40769 -11.8298 0.25178
1.67421e+09 8.50606 8.23078 0.257799
1.67421e+09 13.1317 5.92246 0.26112
1.67421e+09 -7.2673 5.80958 0.206442
1.67421e+09 17.0929 -7.21387 0.307556
1.67421e+09 -1.6315 11.3776 0.248427
1.67421e+09 8.19563 -20.6298 0.246768
1.67421e+09 21.8731 7.79651 0.270437
1.67421e+09 12.6738 11.093 0.240122
1.67421e+09 21.1154 12.7954 0.240609
1.67421e+09 -15.9039 -13.8199 0.222841
1.67421e+09 -4.89261 22.8681 0.229922
