1.67421e+09 11.6484 -10.8409 0.308269
1.67421e+09 6.49516 5.30014 0.204948
1.67421e+09 11.9913 5.60155 0.317285
1.67421e+09 11.8931 11.0362 0.208159
1.67421e+09 -2.43211 7.07796 0.165365
1.67421e+09 -1.00099 16.7148 0.257534
1.67421e+09 6.36754 -19.6597 0.303047
1.67421e+09 19.5429 -11.9153 0.254731
1.67421e+09 -1.60972 -14.7014 0.240863
1.67421e+09 8.13542 22.476 0.242127
1.67421e+09 2.57621 -24.3542 0.229965
1.67421e+09 -0.729527 23.3262 0.240676
1.67421e+09 -9.29205 -7.95448 0.129939
1.67421e+09 15.9039 23.281 0.256093
