1.67421e+09 1.4335 -5.76184 0.332055
1.67421e+09 3.02473 5.52765 0.196967
1.67421e+09 6.89407 -8.4908 0.301799
1.67421e+09 7.09603 6.59224 0.228523
1.67421e+09 -2.16183 -9.66952 0.262384
1.67421e+09 -2.03024 5.48786 0.141782
1.67421e+09 18.5047 -8.61373 0.318771
1.67421e+09 11.0469 11.7099 0.254349
1.67421e+09 -9.52224 -5.19657 0.208456
1.67421e+09 0.430416 12.747 0.250953
1.67421e+09 18.6979 3.58106 0.279217
1.67421e+09 -3.08644 16.2809 0.293375
1.67421e+09 9.05239 -17.9181 0.211522
1.67421e+09 3.14312 7.33031 0.107708
1.67421e+09 12.354 -12.138 0.192299
1.67421e+09 25.675 3.98698 0.258718
1.67421e+09 -8.42921 8.70467 0.16399
1.67421e+09 18.3629 11.6076 0.258146
1.67421e+09 8.41173 17.1395 0.255706
1.67421e+09 16.0092 -8.67754 0.191158
1.67421e+09 -15.1539 -11.2073 0.233812
1.67421e+09 -6.19621 6.14955 0.134851
1.67421e+09 3.98516 23.5679 0.249659
