1.67421e+09 3.57746 8.88816 0.321109
1.67421e+09 8.36142 -7.50087 0.317872
1.67421e+09 -5.25742 6.92747 0.281872
1.67421e+09 1.18154 -12.2295 0.327974
1.67421e+09 15.0219 9.27837 0.302295
1.67421e+09 10.9665 8.68532 0.208481
1.67421e+09 -5.43732 12.1728 0.287632
1.67421e+09 9.08317 -18.963 0.304245
1.67421e+09 9.78095 13.5408 0.260996
1.67421e+09 2.68772 13.7316 0.244826
1.67421e+09 -9.36347 9.10995 0.241391
1.67421e+09 16.6949 -7.6318 0.266612
1.67421e+09 7.42622 -18.3148 0.173632
1.67421e+09 22.0499 7.12149 0.193274
1.67421e+09 -4.2254 -10.5424 0.140608
1.67421e+09 28.8971 6.47617 0.23321
