1.67421e+09 4.41631 -6.8777 0.218672
1.67421e+09 -3.90903 -6.88441 0.316722
1.67421e+09 2.80012 10.1859 0.292932
1.67421e+09 -8.68152 9.67387 0.312845
1.67421e+09 9.7302 7.97497 0.195142
1.67421e+09 -11.1594 -11.4088 0.331559
1.67421e+09 5.48813 -12.5588 0.290443
1.67421e+09 12.911 11.1848 0.277017
1.67421e+09 -2.51797 14.373 0.267016
1.67421e+09 -1.23294 9.57775 0.176677
1.67421e+09 -9.58749 14.5522 0.268146
1.67421e+09 16.6199 7.36439 0.232523
1.67421e+09 9.45168 21.1851 0.250464
1.67421e+09 -4.79485 -17.5474 0.187208
