1.67421e+09 9.05511 -6.32448 0.34801
1.67421e+09 -1.82459 -5.72259 0.236813
1.67421e+09 5.29852 -10.1746 0.243299
1.67421e+09 5.55337 4.85717 0.138394
1.67421e+09 -5.23118 4.437 0.161008
1.67421e+09 10.709 4.90961 0.198449
1.67421e+09 14.2856 -9.14405 0.318612
1.67421e+09 -7.54094 -11.5878 0.250773
1.67421e+09 1.53219 5.59407 0.111662
1.67421e+09 14.7832 5.94229 0.185577
1.67421e+09 8.15865 12.1297 0.240292
1.67421e+09 4.73942 15.6349 0.252025
1.67421e+09 -0.381392 5.06082 0.12098
1.67421e+09 18.7393 10.9967 0.246264
1.67421e+09 9.40179 -23.0535 0.275326
1.67421e+09 -6.71088 14.8362 0.236841
1.67421e+09 -11.2139 6.70268 0.199685
1.67421e+09 -10.2342 11.0104 0.238853
1.67421e+09 10.759 6.69222 0.132808
1.67421e+09 16.2591 16.4227 0.239132
1.67421e+09 26.3175 2.82244 0.262973
1.67421e+09 1.36847 -14.009 0.17045
