1.67421e+09 10.4849 -6.44755 0.346703
1.67421e+09 -0.409104 -5.79651 0.241693
1.67421e+09 6.84774 -10.3044 0.237146
1.67421e+09 7.02369 4.73589 0.140388
1.67421e+09 12.2114 4.76589 0.205951
1.67421e+09 2.91462 5.5409 0.122728
1.67421e+09 -6.17078 -11.5945 0.261238
1.67421e+09 0.757162 8.20833 0.166082
1.67421e+09 6.2428 15.6408 0.288239
1.67421e+09 9.67834 12.032 0.225872
1.67421e+09 -5.2088 14.791 0.235666
1.67421e+09 -8.69785 10.9952 0.202056
1.67421e+09 2.57536 -14.1193 0.193841
1.67421e+09 10.7545 -23.2052 0.275211
1.67421e+09 16.1399 5.71358 0.213895
1.67421e+09 -4.28851 -17.5738 0.282021
1.67421e+09 -9.78337 6.71017 0.188699
1.67421e+09 17.7841 16.2579 0.223947
