1.67421e+09 -5.86271 -7.89875 0.310296
1.67421e+09 9.19016 4.65373 0.249762
1.67421e+09 13.3028 -7.58905 0.279367
1.67421e+09 -5.0348 12.2593 0.246398
1.67421e+09 -8.25623 -7.92491 0.148565
1.67421e+09 8.81622 -8.93508 0.153222
1.67421e+09 -5.17067 4.1344 0.261958
1.67421e+09 -1.99754 15.7711 0.247583
1.67421e+09 10.9889 -8.5652 0.144581
1.67421e+09 14.3554 6.5025 0.168444
1.67421e+09 14.9967 16.1401 0.243158
1.67421e+09 8.2003 6.44295 0.0918897
1.67421e+09 13.4527 -17.2707 0.198029
1.67421e+09 -2.32709 -10.58 0.220621
1.67421e+09 3.41814 -15.7736 0.134523
