1.67421e+09 5.09298 6.27975 0.284464
1.67421e+09 9.38405 -6.99311 0.295594
1.67421e+09 4.88135 11.4745 0.250222
1.67421e+09 12.1167 -12.8231 0.339828
1.67421e+09 0.993118 8.48707 0.206464
1.67421e+09 -9.94228 -10.0663 0.282272
1.67421e+09 -9.29654 6.24847 0.283507
1.67421e+09 -2.23331 -11.5413 0.221126
1.67421e+09 -9.23953 11.7152 0.247428
1.67421e+09 6.20057 -11.1808 0.198552
1.67421e+09 13.047 13.0934 0.240797
1.67421e+09 21.477 8.11764 0.213924
1.67421e+09 0.485446 -20.3323 0.239154
1.67421e+09 25.3617 8.69573 0.350148
1.67421e+09 20.1665 12.9398 0.271544
1.67421e+09 6.12086 21.0233 0.228982
1.67421e+09 -21.8406 17.8217 0.242773
