1.67421e+09 -6.88697 -5.19782 0.288282
1.67421e+09 7.20896 -7.42869 0.290101
1.67421e+09 -11.8812 -7.46983 0.30132
1.67421e+09 8.32174 6.75254 0.156638
1.67421e+09 2.59359 -8.65891 0.131784
1.67421e+09 22.8501 6.25952 0.316469
1.67421e+09 4.733 -8.32428 0.143078
1.67421e+09 2.27905 6.75524 0.0961469
1.67421e+09 23.7451 -10.2944 0.281375
1.67421e+09 3.8719 7.22857 0.0803979
1.67421e+09 -8.57257 -10.1313 0.132261
1.67421e+09 17.4494 5.5567 0.214428
1.67421e+09 -7.82605 16.1223 0.213539
1.67421e+09 7.16886 -17.037 0.185541
1.67421e+09 -6.60251 -18.2223 0.253353
1.67421e+09 9.10645 16.4118 0.231088
1.67421e+09 -18.1086 13.328 0.295085
1.67421e+09 22.3855 11.6266 0.203261
1.67421e+09 17.973 22.7221 0.24516
