1.67421e+09 3.22937 10.1929 0.312529
1.67421e+09 4.88677 -6.83741 0.209468
1.67421e+09 -3.45914 -6.91975 0.317591
1.67421e+09 -8.23891 9.65533 0.303358
1.67421e+09 10.1561 7.97914 0.19085
1.67421e+09 2.305 -5.15175 0.221584
1.67421e+09 -10.6589 -11.4579 0.327739
1.67421e+09 13.3675 11.2174 0.265258
1.67421e+09 -9.15452 14.5457 0.265318
1.67421e+09 -2.0844 14.3631 0.260677
1.67421e+09 5.87353 -12.5687 0.270147
1.67421e+09 17.0428 7.37028 0.23507
1.67421e+09 9.8216 21.1893 0.244122
1.67421e+09 -17.2144 12.8951 0.283074
1.67421e+09 24.5091 15.1161 0.288209
1.67421e+09 -16.4901 -9.83005 0.170676
