1.67421e+09 -4.95282 -7.0825 0.294928
1.67421e+09 6.11443 5.27737 0.193167
1.67421e+09 11.6324 5.56937 0.300029
1.67421e+09 11.2944 -10.8132 0.304088
1.67421e+09 -8.29289 5.60684 0.26284
1.67421e+09 11.5254 11.0107 0.210096
1.67421e+09 -7.91138 5.59362 0.248202
1.67421e+09 -2.8062 7.05788 0.135884
1.67421e+09 -1.35475 16.6952 0.247095
1.67421e+09 19.3064 -11.9589 0.245798
1.67421e+09 -2.02181 -14.6392 0.181667
1.67421e+09 7.81085 22.4459 0.233826
1.67421e+09 2.15514 -24.4199 0.269277
1.67421e+09 26.2163 6.17159 0.230316
1.67421e+09 15.619 23.2332 0.236745
