1.67421e+09 1.3703 -5.98934 0.249426
1.67421e+09 12.402 -6.72546 0.342142
1.67421e+09 2.71023 7.99761 0.186973
1.67421e+09 8.61082 -10.5248 0.239682
1.67421e+09 9.07426 4.51215 0.149214
1.67421e+09 14.2243 4.45079 0.193703
1.67421e+09 -4.42872 -11.6959 0.26491
1.67421e+09 8.31563 15.3865 0.269446
1.67421e+09 4.94493 5.2866 0.0891177
1.67421e+09 -7.8125 6.65376 0.17922
1.67421e+09 -6.6933 10.9507 0.210471
1.67421e+09 4.34782 -14.3269 0.185094
1.67421e+09 -3.11666 14.764 0.233549
1.67421e+09 11.6995 11.758 0.253721
1.67421e+09 3.31681 11.1331 0.0980594
