1.67421e+09 1.93068 -5.70665 0.276691
1.67421e+09 -3.10711 -8.07471 0.298124
1.67421e+09 11.8527 4.48002 0.243532
1.67421e+09 16.0484 -7.76393 0.269408
1.67421e+09 -2.38542 12.0957 0.245598
1.67421e+09 11.7023 -9.0022 0.178435
1.67421e+09 -5.56917 -8.14366 0.137113
1.67421e+09 -9.40955 -11.2696 0.182222
1.67421e+09 0.637737 15.5895 0.233141
1.67421e+09 2.51779 -18.7217 0.241305
1.67421e+09 -9.64994 12.6525 0.285157
1.67421e+09 -14.4795 -7.4226 0.261994
1.67421e+09 0.41936 -10.6963 0.169006
1.67421e+09 16.3803 -17.3871 0.172577
1.67421e+09 10.8643 6.31629 0.0912596
1.67421e+09 6.67941 23.7882 0.202421
