1.67421e+09 1.42588 -6.00849 0.260287
1.67421e+09 12.4412 -6.73427 0.335845
1.67421e+09 2.80533 7.99205 0.184982
1.67421e+09 8.67381 -10.548 0.261601
1.67421e+09 -4.39229 -11.7315 0.277534
1.67421e+09 14.3145 4.46729 0.213729
1.67421e+09 9.1443 4.49484 0.125829
1.67421e+09 4.96358 5.23512 0.137133
1.67421e+09 8.43839 15.4696 0.309538
1.67421e+09 -7.74755 6.6774 0.190424
1.67421e+09 19.9459 15.8879 0.220417
1.67421e+09 -6.61871 10.948 0.198006
1.67421e+09 -2.59946 -17.6907 0.290021
1.67421e+09 -3.0324 14.8197 0.251968
1.67421e+09 4.35935 -14.2804 0.147269
1.67421e+09 11.7623 11.7022 0.224985
