1.67421e+09 -3.29798 5.28146 0.26321
1.67421e+09 10.7888 5.38397 0.214041
1.67421e+09 16.5595 -10.6115 0.294996
1.67421e+09 16.3115 5.88775 0.302008
1.67421e+09 1.90163 6.84606 0.144926
1.67421e+09 3.19741 -14.7927 0.207675
1.67421e+09 -10.627 5.18225 0.263332
1.67421e+09 16.0586 11.2865 0.204677
1.67421e+09 2.99337 16.5618 0.246543
1.67421e+09 7.71019 -24.3129 0.213188
1.67421e+09 -4.50144 -8.27366 0.110985
1.67421e+09 11.9652 22.5733 0.230209
1.67421e+09 -14.155 -17.4152 0.190225
1.67421e+09 -2.32434 -8.07694 0.114533
1.67421e+09 -5.56967 19.9988 0.28323
1.67421e+09 -2.57419 7.5883 0.108504
1.67421e+09 3.10019 23.1765 0.249789
1.67421e+09 -13.9733 16.9392 0.222054
1.67421e+09 19.7111 23.602 0.249205
