1.67421e+09 1.42279 -6.00551 0.255815
1.67421e+09 12.4601 -6.72992 0.335978
1.67421e+09 2.8033 8.00478 0.201727
1.67421e+09 8.64767 -10.5537 0.256702
1.67421e+09 4.99652 5.27618 0.102217
1.67421e+09 9.12014 4.47732 0.129548
1.67421e+09 -4.3913 -11.7213 0.267399
1.67421e+09 8.32688 9.72987 0.180743
1.67421e+09 14.3057 4.45454 0.20606
1.67421e+09 8.43818 15.4645 0.319732
1.67421e+09 -7.74407 6.68087 0.190273
1.67421e+09 -6.6061 10.9412 0.189273
1.67421e+09 -3.04811 14.7789 0.251505
1.67421e+09 -2.57595 -17.6841 0.32766
1.67421e+09 4.35386 -14.3148 0.163442
1.67421e+09 3.4185 11.0791 0.158159
1.67421e+09 11.7718 11.7069 0.216872
