1.67421e+09 3.24286 6.39531 0.285082
1.67421e+09 7.3705 -6.78113 0.300878
1.67421e+09 10.3152 -12.7074 0.323406
1.67421e+09 12.0268 8.33098 0.303822
1.67421e+09 3.08754 11.6137 0.274038
1.67421e+09 -0.846658 8.61617 0.229644
1.67421e+09 -11.1426 6.342 0.289537
1.67421e+09 11.2052 13.1974 0.238578
1.67421e+09 1.88347 -8.07954 0.123924
1.67421e+09 19.5445 8.21227 0.219388
1.67421e+09 4.31585 -11.0262 0.20144
1.67421e+09 -11.0755 11.8096 0.240887
1.67421e+09 23.568 8.87441 0.287784
1.67421e+09 4.19624 21.1752 0.233964
1.67421e+09 8.7172 -13.1036 0.140179
