1.67421e+09 3.62935 -5.82056 0.303765
1.67421e+09 6.11277 3.98447 0.264709
1.67421e+09 -1.3708 -8.17023 0.299366
1.67421e+09 17.9618 -7.73249 0.257858
1.67421e+09 13.5371 4.45929 0.246805
1.67421e+09 2.0614 -10.7687 0.168094
1.67421e+09 -0.734605 12.035 0.253748
1.67421e+09 -8.01755 12.5636 0.294002
1.67421e+09 -3.87086 -8.22718 0.188529
1.67421e+09 4.25891 -18.7561 0.232892
1.67421e+09 -7.62748 -11.3943 0.171745
1.67421e+09 2.2673 15.5132 0.223199
1.67421e+09 13.4985 -9.10344 0.154663
1.67421e+09 -6.65297 6.864 0.114501
1.67421e+09 19.2565 15.95 0.231176
