1.67421e+09 4.67338 -8.34209 0.31405
1.67421e+09 -0.649528 -5.701 0.326615
1.67421e+09 4.95767 6.64957 0.22002
1.67421e+09 0.988826 5.58099 0.18173
1.67421e+09 16.3438 -8.60394 0.329439
1.67421e+09 -4.36249 -9.57155 0.265158
1.67421e+09 -4.18215 5.61555 0.132794
1.67421e+09 16.5301 3.56871 0.262707
1.67421e+09 -1.66464 12.8387 0.259486
1.67421e+09 10.1103 -12.0485 0.193981
1.67421e+09 -5.15587 16.3802 0.294133
1.67421e+09 6.76775 -17.8314 0.176414
1.67421e+09 10.4649 6.18568 0.15697
1.67421e+09 23.5448 3.93666 0.264011
1.67421e+09 -11.6225 -5.02108 0.202582
1.67421e+09 16.2681 11.6209 0.266601
1.67421e+09 6.33795 17.1871 0.234486
1.67421e+09 13.7417 -8.58644 0.129916
1.67421e+09 -10.493 8.83024 0.154407
1.67421e+09 -8.53737 -13.4579 0.200018
1.67421e+09 19.0977 15.2469 0.237602
1.67421e+09 0.334066 -8.65247 0.149374
