1.67421e+09 2.62504 -8.32917 0.315244
1.67421e+09 3.04781 6.69158 0.217868
1.67421e+09 -0.946256 5.70769 0.216591
1.67421e+09 14.3076 -8.62442 0.335956
1.67421e+09 -6.35354 -9.44728 0.244496
1.67421e+09 14.6131 3.54583 0.25262
1.67421e+09 7.10697 11.7911 0.257043
1.67421e+09 -3.53568 12.9113 0.266468
1.67421e+09 8.1314 -12.0343 0.178178
1.67421e+09 21.6586 3.89509 0.26039
1.67421e+09 -6.31498 5.65739 0.154975
1.67421e+09 14.4093 11.6292 0.270145
1.67421e+09 8.49809 6.15528 0.131898
1.67421e+09 11.8547 -8.74785 0.17668
1.67421e+09 -6.97183 16.4624 0.296605
1.67421e+09 4.51337 17.2156 0.238636
1.67421e+09 4.67122 -17.7519 0.211435
1.67421e+09 -1.69151 -8.68518 0.176688
1.67421e+09 3.62352 11.6135 0.20679
1.67421e+09 -10.5229 -13.3599 0.190115
1.67421e+09 17.3164 15.2275 0.266172
1.67421e+09 -12.6211 8.95 0.157834
