1.67421e+09 -5.20617 -5.334 0.284487
1.67421e+09 8.88058 -7.40995 0.248503
1.67421e+09 -10.213 -7.59913 0.303809
1.67421e+09 4.34944 -8.76367 0.143776
1.67421e+09 6.65182 -8.37461 0.135935
1.67421e+09 10.0168 6.64364 0.147448
1.67421e+09 24.5278 6.21542 0.313155
1.67421e+09 3.96155 6.65749 0.0969838
1.67421e+09 5.53112 7.12639 0.117377
1.67421e+09 10.8378 16.3059 0.260038
1.67421e+09 -9.20417 12.5798 0.251987
1.67421e+09 19.0553 5.52415 0.236729
1.67421e+09 -6.18083 16.0312 0.254506
1.67421e+09 -6.79939 -10.2127 0.150821
1.67421e+09 8.89713 -17.1349 0.190103
1.67421e+09 24.0795 11.5576 0.206815
1.67421e+09 -12.6592 -7.66166 0.169047
1.67421e+09 -16.4223 13.1858 0.277413
