1.67421e+09 -3.75446 -7.05012 0.318335
1.67421e+09 -6.88567 5.5672 0.271158
1.67421e+09 12.6926 5.58086 0.300241
1.67421e+09 7.19794 5.294 0.200593
1.67421e+09 12.496 -10.8514 0.317913
1.67421e+09 12.5788 11.0456 0.203081
1.67421e+09 -1.69516 7.0467 0.118492
1.67421e+09 -0.888474 -14.661 0.216164
1.67421e+09 20.4602 -11.9036 0.275009
1.67421e+09 -0.319618 16.71 0.233885
1.67421e+09 8.7675 22.4904 0.246239
1.67421e+09 3.33634 -24.2927 0.244729
1.67421e+09 -8.77808 20.4364 0.300365
1.67421e+09 -8.57472 -7.97801 0.121524
1.67421e+09 31.8958 -6.53299 0.276507
1.67421e+09 27.3543 6.31345 0.224756
1.67421e+09 16.5782 23.305 0.264962
