1.67421e+09 -3.9195 5.94237 0.229833
1.67421e+09 0.203755 -8.24395 0.300919
1.67421e+09 11.9775 3.73229 0.244039
1.67421e+09 11.741 -8.39776 0.305858
1.67421e+09 0.498956 6.96989 0.243283
1.67421e+09 4.50049 11.9988 0.253332
1.67421e+09 16.5488 -5.82359 0.303535
1.67421e+09 5.50583 -11.8346 0.164794
1.67421e+09 19.0448 4.10582 0.26157
1.67421e+09 5.92825 6.37149 0.0933505
1.67421e+09 9.19507 -8.45714 0.189111
1.67421e+09 2.33275 -17.5151 0.250591
1.67421e+09 11.7777 11.8344 0.267181
1.67421e+09 -3.68618 7.67298 0.0745533
1.67421e+09 26.3904 4.73942 0.246161
1.67421e+09 -8.88783 5.86659 0.160024
