1.67421e+09 0.629757 -5.86902 0.241213
1.67421e+09 11.6268 -6.61756 0.335286
1.67421e+09 7.85022 -10.4504 0.255779
1.67421e+09 8.21074 4.66437 0.185484
1.67421e+09 4.02713 5.37662 0.10825
1.67421e+09 13.3304 4.56977 0.195842
1.67421e+09 1.91221 8.14437 0.195024
1.67421e+09 -5.19701 -11.6745 0.270613
1.67421e+09 10.8614 11.9187 0.24067
1.67421e+09 -3.36123 -17.6545 0.309257
1.67421e+09 -8.6453 6.68753 0.176393
1.67421e+09 7.42974 15.4481 0.275247
1.67421e+09 -7.63069 10.8897 0.204836
1.67421e+09 3.57167 -14.2531 0.171066
1.67421e+09 18.9288 16.0599 0.228157
1.67421e+09 21.406 10.5974 0.269912
