1.67421e+09 1.51904 -6.52904 0.309559
1.67421e+09 4.23531 -12.3079 0.272364
1.67421e+09 6.16766 8.64503 0.29494
1.67421e+09 11.0375 -7.64431 0.333368
1.67421e+09 -2.6181 6.74703 0.27958
1.67421e+09 -6.72993 8.87535 0.244107
1.67421e+09 17.7016 9.13566 0.292571
1.67421e+09 13.6766 8.56832 0.189355
1.67421e+09 -2.8006 11.9978 0.276437
1.67421e+09 5.33446 13.5496 0.244681
1.67421e+09 11.7731 -19.1063 0.299928
1.67421e+09 -10.2045 -11.0095 0.241265
1.67421e+09 12.4405 13.3669 0.257298
1.67421e+09 -1.55178 -10.7068 0.182352
1.67421e+09 19.3713 -7.8054 0.226383
1.67421e+09 10.0921 -18.4733 0.184215
1.67421e+09 24.6817 6.94688 0.20136
