1.67421e+09 -0.988684 -5.66284 0.329743
1.67421e+09 4.40128 -8.3712 0.323377
1.67421e+09 4.70759 6.67227 0.237348
1.67421e+09 0.695089 5.64101 0.212796
1.67421e+09 16.0484 -8.62217 0.337173
1.67421e+09 -4.64593 -9.55367 0.268159
1.67421e+09 16.2848 3.57997 0.254285
1.67421e+09 -4.44434 5.63365 0.145779
1.67421e+09 -1.91972 12.8532 0.263205
1.67421e+09 6.52389 -17.8064 0.189601
1.67421e+09 9.79234 -12.0278 0.197569
1.67421e+09 -5.40073 16.4237 0.310596
1.67421e+09 10.1919 6.1517 0.145533
1.67421e+09 23.2842 3.91947 0.263646
1.67421e+09 -11.9228 -5.01822 0.215802
1.67421e+09 13.4914 -8.63508 0.144592
1.67421e+09 16.0136 11.6289 0.276006
1.67421e+09 6.08831 17.2115 0.252513
1.67421e+09 -10.7583 8.86074 0.165675
1.67421e+09 18.835 15.2101 0.228951
1.67421e+09 -8.8061 -13.4326 0.205884
1.67421e+09 8.69787 11.7997 0.274194
1.67421e+09 -17.6314 -10.9737 0.246613
1.67421e+09 -15.1872 23.3823 0.302116
