1.67421e+09 5.58042 6.22499 0.280769
1.67421e+09 9.73015 -7.04273 0.290722
1.67421e+09 14.3478 8.16711 0.273869
1.67421e+09 1.47451 8.48476 0.219732
1.67421e+09 5.39412 11.4491 0.262592
1.67421e+09 -9.57103 -10.0518 0.282135
1.67421e+09 12.6042 -12.9021 0.308599
1.67421e+09 -8.77711 6.22184 0.277505
1.67421e+09 -1.76369 -11.4858 0.225938
1.67421e+09 6.64893 -11.2222 0.211843
1.67421e+09 -8.72344 11.702 0.244394
1.67421e+09 13.5827 13.0081 0.228527
1.67421e+09 21.8971 8.06275 0.196184
1.67421e+09 0.955906 -20.3635 0.230167
