1.67421e+09 1.9581 -6.52346 0.320884
1.67421e+09 6.56182 8.56491 0.317039
1.67421e+09 -2.17409 6.7165 0.280764
1.67421e+09 -6.28444 8.8323 0.243842
1.67421e+09 -2.35256 11.9606 0.272501
1.67421e+09 14.1617 8.53869 0.223368
1.67421e+09 5.78535 13.5113 0.245237
1.67421e+09 12.2321 -19.1662 0.306905
1.67421e+09 -9.73408 -11.0761 0.240256
1.67421e+09 18.1989 9.13931 0.309717
1.67421e+09 12.8933 13.328 0.261381
1.67421e+09 -1.09421 -10.7466 0.18529
1.67421e+09 19.7687 -7.86926 0.216501
1.67421e+09 10.5364 -18.5302 0.187277
1.67421e+09 25.2003 6.90787 0.22016
1.67421e+09 -1.18525 21.5336 0.24271
1.67421e+09 28.5086 10.1237 0.265421
