1.67421e+09 7.50157 -6.19125 0.330203
1.67421e+09 3.74592 -10.0577 0.247197
1.67421e+09 -3.3538 -5.62084 0.231862
1.67421e+09 12.8244 -8.96009 0.279895
1.67421e+09 9.10645 5.03619 0.193832
1.67421e+09 13.2653 6.11057 0.207287
1.67421e+09 -6.75218 4.51266 0.144469
1.67421e+09 6.5761 12.2659 0.221933
1.67421e+09 3.13205 15.8613 0.287679
1.67421e+09 -9.0408 -11.5607 0.251519
1.67421e+09 -2.31242 8.3748 0.167978
1.67421e+09 3.22431 10.1844 0.137936
1.67421e+09 -0.0391723 5.71042 0.106665
1.67421e+09 -1.98357 5.1217 0.187187
1.67421e+09 17.2001 11.1521 0.261861
1.67421e+09 7.69994 -23.0723 0.314515
1.67421e+09 9.26413 6.8928 0.111804
1.67421e+09 24.8138 3.04277 0.274661
1.67421e+09 -0.328525 -13.8749 0.156145
1.67421e+09 -8.28739 14.9031 0.22882
1.67421e+09 -11.7489 11.088 0.210558
1.67421e+09 14.5919 16.5728 0.226878
1.67421e+09 6.66998 -21.4758 0.178665
1.67421e+09 8.37542 -9.25412 0.107558
1.67421e+09 10.2973 23.0838 0.251615
