1.67421e+09 -3.34524 5.90138 0.220796
1.67421e+09 12.3009 -8.44456 0.314239
1.67421e+09 12.5809 3.71076 0.261579
1.67421e+09 1.08569 6.94843 0.257816
1.67421e+09 5.07535 11.9633 0.252537
1.67421e+09 17.0955 -5.81191 0.292791
1.67421e+09 6.08619 -11.8802 0.187781
1.67421e+09 19.6288 4.06904 0.26812
1.67421e+09 9.78121 -8.48759 0.176734
1.67421e+09 6.50558 6.34477 0.109801
1.67421e+09 -5.84733 13.0772 0.259811
1.67421e+09 -3.65704 -8.56801 0.191174
1.67421e+09 2.65102 -17.5617 0.215962
1.67421e+09 -8.29411 5.79757 0.130037
1.67421e+09 26.9687 4.70552 0.242316
