1.67421e+09 1.83011 8.97419 0.319565
1.67421e+09 -0.663526 -12.1748 0.351618
1.67421e+09 13.3329 9.3995 0.308589
1.67421e+09 9.20398 8.76091 0.205281
1.67421e+09 -6.99757 7.02099 0.273627
1.67421e+09 7.20745 -18.9008 0.303639
1.67421e+09 8.04048 13.5914 0.26235
1.67421e+09 -7.17949 12.2388 0.298093
1.67421e+09 0.964217 13.8184 0.250647
1.67421e+09 14.8623 -7.65179 0.209486
1.67421e+09 20.2848 7.13605 0.207346
1.67421e+09 5.55741 -18.2428 0.179748
1.67421e+09 27.1691 6.4691 0.252345
1.67421e+09 23.653 10.3544 0.247881
1.67421e+09 -5.97445 21.8829 0.274817
