1.67421e+09 10.0229 -6.39655 0.331957
1.67421e+09 -0.833738 -5.76983 0.24001
1.67421e+09 6.28596 -10.259 0.257209
1.67421e+09 6.6065 4.8039 0.137297
1.67421e+09 11.7251 4.82488 0.204196
1.67421e+09 2.4464 5.54194 0.0843265
1.67421e+09 -6.58014 -11.6535 0.262781
1.67421e+09 5.75875 15.7059 0.295554
1.67421e+09 0.311686 8.20978 0.14445
1.67421e+09 -9.19285 10.9761 0.216228
1.67421e+09 9.17584 12.0875 0.23982
1.67421e+09 2.31339 -14.0643 0.172441
1.67421e+09 17.2572 16.3344 0.232967
1.67421e+09 -5.72488 14.8135 0.270877
1.67421e+09 -10.2197 6.6889 0.169719
1.67421e+09 -4.70578 -17.6049 0.27424
1.67421e+09 11.7849 6.66568 0.10864
1.67421e+09 15.2672 -9.14382 0.218847
1.67421e+09 27.2898 2.66403 0.260218
1.67421e+09 9.36268 -21.7833 0.217258
