1.67421e+09 2.99368 5.67347 0.295077
1.67421e+09 2.03173 -10.7147 0.332639
1.67421e+09 -2.95167 5.59285 0.184455
1.67421e+09 9.89834 -12.0602 0.261835
1.67421e+09 2.66205 11.1843 0.234324
1.67421e+09 17.5184 5.76365 0.240436
1.67421e+09 21.4594 -7.35745 0.295911
1.67421e+09 -11.5195 -14.0602 0.210666
1.67421e+09 12.6733 -20.7387 0.238917
1.67421e+09 3.1487 11.1647 0.217535
1.67421e+09 -0.699181 22.7317 0.249693
1.67421e+09 -9.98881 17.3099 0.267745
1.67421e+09 -7.56255 -23.8646 0.225419
1.67421e+09 -14.9447 -15.7824 0.204952
1.67421e+09 -9.56306 23.8595 0.257152
