1.67421e+09 -4.01797 5.32818 0.265561
1.67421e+09 10.1258 5.40292 0.228884
1.67421e+09 15.6079 5.84785 0.319103
1.67421e+09 15.7116 -10.5885 0.280398
1.67421e+09 2.40097 -14.7319 0.18081
1.67421e+09 1.17078 6.89593 0.147405
1.67421e+09 15.3743 11.2709 0.206637
1.67421e+09 6.88994 -24.3763 0.247158
1.67421e+09 2.37576 23.1699 0.241077
1.67421e+09 2.34096 16.5918 0.249212
1.67421e+09 -5.3142 -8.24961 0.132996
1.67421e+09 11.2766 22.5797 0.240869
1.67421e+09 -17.7833 13.666 0.254747
1.67421e+09 -14.6593 17.0322 0.229092
1.67421e+09 -3.12781 -8.05971 0.132746
1.67421e+09 -14.8985 -17.2807 0.173999
1.67421e+09 -3.31085 7.62069 0.109727
1.67421e+09 19.0764 23.5903 0.268097
1.67421e+09 23.8514 -11.5455 0.267651
