1.67421e+09 3.05188 -8.39346 0.318588
1.67421e+09 3.31591 6.6938 0.221476
1.67421e+09 -0.678125 5.70188 0.221703
1.67421e+09 14.6484 -8.61444 0.34496
1.67421e+09 14.8868 3.55771 0.247926
1.67421e+09 -6.0434 -9.48781 0.253458
1.67421e+09 7.36241 11.8003 0.255535
1.67421e+09 -3.27514 12.9058 0.273901
1.67421e+09 8.4063 -12.0353 0.180932
1.67421e+09 21.9151 3.89593 0.258277
1.67421e+09 14.6647 11.6254 0.255365
1.67421e+09 19.2637 -6.05472 0.294037
1.67421e+09 -6.01895 5.63015 0.144253
1.67421e+09 12.1236 -8.72221 0.16245
1.67421e+09 -6.71708 16.4476 0.301251
1.67421e+09 5.06148 -17.7471 0.21299
1.67421e+09 8.7756 6.1708 0.110064
1.67421e+09 4.76591 17.2089 0.237484
1.67421e+09 -13.2948 -4.94317 0.207227
1.67421e+09 -10.1679 -13.3685 0.191444
1.67421e+09 3.86161 11.5692 0.141202
1.67421e+09 -12.3504 8.93436 0.157738
