1.67421e+09 5.98192 -5.88099 0.266957
1.67421e+09 1.04082 -8.34378 0.333014
1.67421e+09 8.46327 3.85521 0.261379
1.67421e+09 15.8994 4.3167 0.239979
1.67421e+09 -10.5845 -7.65019 0.279973
1.67421e+09 4.42463 -10.8851 0.162314
1.67421e+09 -5.67162 12.425 0.29397
1.67421e+09 20.6226 -7.92915 0.298566
1.67421e+09 -4.31681 6.7059 0.166125
1.67421e+09 4.59798 15.3744 0.247852
1.67421e+09 -5.21458 -11.5486 0.16081
1.67421e+09 1.60464 11.8154 0.230132
1.67421e+09 -8.66841 -17.262 0.248513
1.67421e+09 -9.78359 7.41859 0.19486
1.67421e+09 0.338322 5.41943 0.10146
1.67421e+09 21.6242 15.8074 0.238381
1.67421e+09 15.8584 -9.2432 0.157051
