1.68794e+09 9.21825 -2.87121 0.253666
1.68794e+09 -4.31787 -5.57546 0.223891
1.68794e+09 5.12206 6.0509 0.203168
1.68794e+09 6.22376 -3.26735 0.117339
1.68794e+09 9.42911 -6.09496 0.149871
1.68794e+09 6.29949 11.3938 0.212794
1.68794e+09 5.16083 -12.2937 0.178065
1.68794e+09 9.87361 5.97718 0.172477
1.68794e+09 -2.79707 -9.47223 0.153856
1.68794e+09 16.5478 -3.5495 0.220947
1.68794e+09 -11.2952 -12.0432 0.281182
1.68794e+09 -5.60716 -8.04244 0.134399
1.68794e+09 -6.97418 8.80874 0.111016
1.68794e+09 15.6769 4.84232 0.162004
