1.68794e+09 6.05096 -2.58268 0.246214
1.68794e+09 -2.22572 -10.8738 0.263287
1.68794e+09 -0.707551 -6.41569 0.248029
1.68794e+09 -1.2275 8.74174 0.201876
1.68794e+09 7.43538 4.01467 0.184164
1.68794e+09 -6.22269 -4.63983 0.238772
1.68794e+09 1.98184 5.94365 0.089366
1.68794e+09 12.0851 -4.22524 0.192664
1.68794e+09 8.53917 -5.22514 0.234691
1.68794e+09 -4.01873 -9.54708 0.124678
1.68794e+09 16.6393 -1.9364 0.185949
1.68794e+09 0.518308 -7.67027 0.135168
1.68794e+09 1.02645 -9.15717 0.148062
1.68794e+09 2.42138 9.94884 0.123496
1.68794e+09 11.5055 4.57857 0.173465
1.68794e+09 -10.1182 -12.5518 0.15442
