1.68794e+09 6.55582 -2.60377 0.255421
1.68794e+09 -1.71284 -10.8984 0.289637
1.68794e+09 -0.69887 8.76618 0.207166
1.68794e+09 7.99477 3.96701 0.183454
1.68794e+09 2.49433 5.93323 0.0906986
1.68794e+09 12.5801 -4.25953 0.180104
1.68794e+09 1.53 -9.1871 0.150913
1.68794e+09 0.967194 -7.63114 0.108628
1.68794e+09 17.1827 -1.97459 0.203199
1.68794e+09 -3.53771 -9.54305 0.128486
1.68794e+09 3.00967 9.8789 0.156455
1.68794e+09 -9.64028 -12.4808 0.192506
1.68794e+09 4.54057 16.3088 0.219297
1.68794e+09 2.62846 -10.4514 0.110739
