1.68794e+09 5.94566 3.62554 0.178665
1.68794e+09 -2.53777 8.73344 0.188154
1.68794e+09 6.67522 -5.62933 0.260941
1.68794e+09 0.528053 5.80154 0.0913629
1.68794e+09 10.2178 -4.72406 0.179583
1.68794e+09 14.9258 -2.61421 0.204611
1.68794e+09 3.78814 -10.2056 0.129394
1.68794e+09 -2.66055 -6.41431 0.161746
1.68794e+09 10.497 12.1797 0.229594
1.68794e+09 -1.7433 -7.76248 0.12596
1.68794e+09 5.49926 3.1815 0.0779192
1.68794e+09 1.26797 9.76005 0.113917
1.68794e+09 -1.26129 -9.28948 0.21515
1.68794e+09 -6.22418 -9.36133 0.10864
1.68794e+09 7.61936 -18.2752 0.240727
1.68794e+09 -12.1989 -12.1468 0.174227
