1.68794e+09 5.80945 -2.62233 0.245725
1.68794e+09 -2.4736 -10.8976 0.279988
1.68794e+09 -1.40294 8.74906 0.191204
1.68794e+09 -0.884107 -6.50788 0.230227
1.68794e+09 7.26521 3.93298 0.17813
1.68794e+09 1.77977 5.92246 0.0924315
1.68794e+09 11.8529 -4.30098 0.19454
1.68794e+09 -4.27018 -9.58042 0.140775
1.68794e+09 16.4371 -2.02868 0.19765
1.68794e+09 -5.51069 -10.7776 0.166611
1.68794e+09 0.241263 -7.65559 0.142718
1.68794e+09 2.27703 9.90408 0.126221
1.68794e+09 0.73153 -9.15319 0.152234
1.68794e+09 -10.4483 -12.5342 0.190716
1.68794e+09 11.4668 12.6558 0.253491
