1.68794e+09 3.20715 -7.17916 0.221734
1.68794e+09 1.35593 -11.4509 0.27977
1.68794e+09 10.4714 -4.03116 0.266625
1.68794e+09 4.23662 7.97678 0.209778
1.68794e+09 12.5209 2.35817 0.195295
1.68794e+09 -1.57322 -5.25224 0.192965
1.68794e+09 -2.78292 11.2652 0.241633
1.68794e+09 -0.47164 -9.8878 0.128701
1.68794e+09 -6.72439 -12.2531 0.185595
1.68794e+09 -4.58653 -5.27226 0.0860276
1.68794e+09 5.7467 -5.29224 0.115304
1.68794e+09 8.34875 -4.34545 0.106964
1.68794e+09 9.20377 -11.2167 0.138424
1.68794e+09 21.2156 -4.40176 0.234962
