1.68794e+09 3.11465 -7.09601 0.276934
1.68794e+09 1.1262 -11.3523 0.281111
1.68794e+09 10.2499 -3.85359 0.266667
1.68794e+09 3.87983 8.10354 0.212982
1.68794e+09 7.98469 -4.131 0.106516
1.68794e+09 12.1461 2.5893 0.193203
1.68794e+09 -0.61129 -9.89292 0.171126
1.68794e+09 -4.77472 -5.23804 0.123116
1.68794e+09 6.82488 4.94929 0.0911467
1.68794e+09 5.57645 -5.11109 0.124158
1.68794e+09 -6.94296 -12.2279 0.206901
1.68794e+09 -4.39873 -6.99484 0.107756
1.68794e+09 -5.41674 -4.6865 0.134968
1.68794e+09 9.11595 -11.0924 0.172085
1.68794e+09 20.9459 -4.0834 0.218052
