1.68794e+09 3.79984 -6.24264 0.284623
1.68794e+09 12.0775 -3.69882 0.194851
1.68794e+09 7.28792 -5.49016 0.188555
1.68794e+09 1.27443 -6.13131 0.177654
1.68794e+09 -4.53847 8.6426 0.187235
1.68794e+09 -1.64334 5.5702 0.090394
1.68794e+09 7.80021 3.17687 0.135376
1.68794e+09 8.68448 11.3397 0.224291
1.68794e+09 15.7498 -3.78371 0.1122
1.68794e+09 15.9254 3.71438 0.24563
1.68794e+09 -4.08542 -9.42736 0.149387
1.68794e+09 -0.762941 9.49755 0.141266
1.68794e+09 10.6767 -12.4702 0.218736
1.68794e+09 -11.406 11.8717 0.199944
