1.68794e+09 8.5865 -2.78764 0.258839
1.68794e+09 -4.94364 -5.51492 0.243574
1.68794e+09 4.41853 6.10978 0.193312
1.68794e+09 5.56367 -3.21189 0.122443
1.68794e+09 -2.56538 8.52414 0.209574
1.68794e+09 5.61819 11.4516 0.183772
1.68794e+09 4.4668 -12.2933 0.189285
1.68794e+09 -3.42201 -9.35761 0.11616
1.68794e+09 9.22529 6.07305 0.175164
1.68794e+09 8.52557 -5.9216 0.143786
1.68794e+09 15.9021 -3.48367 0.232707
1.68794e+09 -6.35794 -7.9715 0.146177
1.68794e+09 4.37367 10.0581 0.106693
1.68794e+09 15.0728 4.95545 0.186653
