1.68794e+09 3.50267 -6.27616 0.267342
1.68794e+09 6.98952 -5.48544 0.187502
1.68794e+09 1.01604 -6.01308 0.232634
1.68794e+09 -4.83526 8.67408 0.191444
1.68794e+09 11.7415 -3.68289 0.197186
1.68794e+09 -1.94751 5.5862 0.0824599
1.68794e+09 7.55606 3.15037 0.137956
1.68794e+09 8.41923 11.3568 0.236831
1.68794e+09 0.127202 -10.528 0.14305
1.68794e+09 -1.03363 9.51514 0.141132
1.68794e+09 15.5276 3.71011 0.232452
1.68794e+09 -4.45084 -9.33603 0.163336
1.68794e+09 10.3489 -12.4562 0.21787
1.68794e+09 -11.6837 11.9431 0.218679
1.68794e+09 -4.96001 -7.7721 0.0906158
