1.68794e+09 3.26145 -7.23866 0.229204
1.68794e+09 1.4409 -11.4841 0.279689
1.68794e+09 10.6266 -4.13618 0.262786
1.68794e+09 4.41255 7.94825 0.208429
1.68794e+09 -1.44755 -5.26719 0.20911
1.68794e+09 12.6316 2.26212 0.173814
1.68794e+09 -0.320818 -9.92695 0.131208
1.68794e+09 -4.47697 -5.28362 0.0959628
1.68794e+09 -5.18789 -4.73673 0.133289
1.68794e+09 7.34105 4.76546 0.129705
1.68794e+09 -6.68495 -12.2246 0.198995
1.68794e+09 5.86498 -5.39111 0.188127
1.68794e+09 8.47601 -4.40869 0.124458
1.68794e+09 -4.07169 -7.05207 0.0968705
1.68794e+09 9.35575 -11.3299 0.149551
1.68794e+09 21.4019 -4.54842 0.209725
