1.68794e+09 6.95424 -2.66854 0.265782
1.68794e+09 -1.40052 -10.8709 0.26348
1.68794e+09 -0.257783 8.73857 0.203197
1.68794e+09 8.39246 3.90826 0.172291
1.68794e+09 2.9215 5.88818 0.0926194
1.68794e+09 1.35136 -7.72416 0.166058
1.68794e+09 -3.25393 -9.5114 0.134109
1.68794e+09 1.94148 -9.27996 0.181335
1.68794e+09 17.5834 -2.06251 0.198626
1.68794e+09 3.42827 9.94149 0.165838
1.68794e+09 12.9633 -4.34304 0.204221
1.68794e+09 5.24811 4.72007 0.135262
1.68794e+09 -9.41039 -12.372 0.178983
1.68794e+09 12.6483 12.5657 0.223119
