1.68794e+09 8.5741 -4.76486 0.226816
1.68794e+09 -0.672784 -8.71807 0.240655
1.68794e+09 -0.766171 -7.98062 0.114196
1.68794e+09 -7.27947 -8.22632 0.176543
1.68794e+09 -0.746659 7.13773 0.10957
1.68794e+09 -7.52658 10.0222 0.196586
1.68794e+09 2.53568 -7.48399 0.125865
1.68794e+09 5.27449 -4.59752 0.110945
1.68794e+09 3.67222 -12.1138 0.190166
1.68794e+09 11.4504 3.53722 0.117074
1.68794e+09 0.583119 9.63711 0.101299
1.68794e+09 -9.2322 -13.8797 0.13986
1.68794e+09 -5.0644 -20.9532 0.22818
1.68794e+09 6.32458 -6.90556 0.0982596
