1.68794e+09 8.52609 -4.74509 0.233297
1.68794e+09 -0.780273 -8.71727 0.254011
1.68794e+09 -0.839707 -7.95114 0.0913878
1.68794e+09 -7.35527 -8.22017 0.175119
1.68794e+09 2.45036 -7.45591 0.138769
1.68794e+09 5.26572 -4.60422 0.152295
1.68794e+09 -7.59785 10.0348 0.212459
1.68794e+09 -0.863946 7.19056 0.122801
1.68794e+09 3.5848 -12.1293 0.209991
1.68794e+09 11.3476 3.52645 0.1169
1.68794e+09 -9.30291 -13.8636 0.129778
1.68794e+09 -5.09746 -20.9614 0.228463
1.68794e+09 -9.01094 -11.8474 0.154174
