1.68794e+09 8.67571 -4.78882 0.216607
1.68794e+09 -0.6622 -8.7253 0.249826
1.68794e+09 -0.705741 -7.96424 0.0938438
1.68794e+09 -7.23297 -8.22405 0.184055
1.68794e+09 5.31179 -4.68592 0.123189
1.68794e+09 2.61015 -7.51108 0.135856
1.68794e+09 -7.4494 10.0129 0.199634
1.68794e+09 -0.706208 7.2308 0.139779
1.68794e+09 1.03631 5.94898 0.151462
1.68794e+09 3.72116 -12.1323 0.194882
1.68794e+09 0.665509 9.63668 0.118809
1.68794e+09 -9.19119 -13.8768 0.147967
1.68794e+09 -5.02321 -20.93 0.208042
1.68794e+09 11.4762 3.49607 0.134553
1.68794e+09 6.40076 -6.92472 0.11671
