1.68794e+09 0.0997671 -6.46052 0.286711
1.68794e+09 6.68814 -2.61162 0.252551
1.68794e+09 -1.59404 -10.8782 0.267357
1.68794e+09 -0.561293 8.75953 0.203617
1.68794e+09 8.08662 3.97805 0.175487
1.68794e+09 2.62531 5.90911 0.0852386
1.68794e+09 12.7346 -4.27856 0.200335
1.68794e+09 17.266 -1.97161 0.195101
1.68794e+09 -3.40619 -9.54863 0.129644
1.68794e+09 3.1299 9.91777 0.130224
1.68794e+09 1.57034 -9.15309 0.148859
1.68794e+09 1.0765 -7.63277 0.0804354
1.68794e+09 12.2278 4.4219 0.165218
1.68794e+09 4.60707 16.2978 0.195022
1.68794e+09 12.307 12.6481 0.21886
