1.68794e+09 3.80429 -7.42708 0.240981
1.68794e+09 1.75308 -11.5868 0.295419
1.68794e+09 11.1335 -4.40949 0.256519
1.68794e+09 -5.52917 4.28295 0.264543
1.68794e+09 5.17649 7.71483 0.215414
1.68794e+09 -0.982991 -5.32328 0.159985
1.68794e+09 -1.74551 11.2109 0.229473
1.68794e+09 8.87529 -4.64122 0.143533
1.68794e+09 -4.06954 -5.23916 0.0801579
1.68794e+09 0.0335458 -9.98551 0.115089
1.68794e+09 -3.62908 -7.00646 0.100524
1.68794e+09 5.65332 1.96843 0.151104
1.68794e+09 13.2072 1.93816 0.175028
1.68794e+09 7.95422 4.53626 0.108494
