1.68794e+09 5.68732 3.67771 0.168242
1.68794e+09 6.38478 -5.59243 0.211339
1.68794e+09 -2.78272 8.77026 0.200305
1.68794e+09 3.45896 -10.1771 0.166687
1.68794e+09 9.98464 -4.68641 0.182995
1.68794e+09 0.288722 5.8277 0.0894122
1.68794e+09 -2.80786 -6.44682 0.196022
1.68794e+09 14.665 -2.58124 0.2
1.68794e+09 0.976005 9.8088 0.122172
1.68794e+09 10.2755 12.252 0.23833
1.68794e+09 9.76898 4.07178 0.160153
1.68794e+09 -1.96465 -7.7303 0.158271
1.68794e+09 5.22443 3.25072 0.0887034
1.68794e+09 -6.48804 -9.33942 0.122281
