1.68794e+09 3.15448 -6.18535 0.262629
1.68794e+09 6.6594 -5.46971 0.183482
1.68794e+09 0.678982 -5.98019 0.200556
1.68794e+09 11.4556 -3.64705 0.211375
1.68794e+09 -5.19538 8.67438 0.198487
1.68794e+09 -2.30641 5.59724 0.0940627
1.68794e+09 7.08644 3.24786 0.125395
1.68794e+09 -0.1113 -10.571 0.133686
1.68794e+09 8.02237 11.368 0.218644
1.68794e+09 -4.6711 -9.45339 0.161358
1.68794e+09 10.3405 -12.511 0.17657
1.68794e+09 15.2451 3.75392 0.243476
1.68794e+09 -1.37956 9.50789 0.127945
1.68794e+09 -12.0668 11.9453 0.244812
1.68794e+09 11.1216 18.4078 0.207245
