1.68794e+09 7.66784 -2.86708 0.236726
1.68794e+09 -0.805981 -10.9235 0.272621
1.68794e+09 0.682284 8.66279 0.204521
1.68794e+09 5.52098 -3.26882 0.107921
1.68794e+09 2.02131 -7.74826 0.134008
1.68794e+09 9.25941 3.68113 0.182627
1.68794e+09 3.80968 5.71938 0.0962785
1.68794e+09 6.11687 4.51015 0.203506
1.68794e+09 -2.62868 -9.54181 0.131731
1.68794e+09 18.3106 -2.44453 0.187209
1.68794e+09 -8.79758 -12.295 0.172174
1.68794e+09 2.51952 -9.31873 0.129647
1.68794e+09 4.43677 9.7634 0.134832
1.68794e+09 6.11826 16.1353 0.222209
1.68794e+09 13.687 12.2564 0.211515
