1.68794e+09 -3.65267 5.74692 0.240874
1.68794e+09 7.53787 -4.34472 0.225732
1.68794e+09 6.61108 4.10698 0.179712
1.68794e+09 12.6964 4.26349 0.20597
1.68794e+09 1.2397 5.42419 0.150339
1.68794e+09 9.98909 1.80687 0.217858
1.68794e+09 10.3043 -5.17134 0.122334
1.68794e+09 -2.14389 10.9636 0.183412
1.68794e+09 -4.27645 -12.7235 0.170913
1.68794e+09 1.91547 -15.7595 0.155159
1.68794e+09 -3.48769 9.66485 0.0932594
1.68794e+09 -1.74254 9.81938 0.104236
1.68794e+09 7.78019 10.1232 0.121572
1.68794e+09 12.8565 3.13488 0.115152
