1.68794e+09 3.86833 -7.52466 0.292398
1.68794e+09 1.88986 -11.6574 0.285272
1.68794e+09 11.3732 -4.62407 0.258381
1.68794e+09 5.4924 7.59822 0.197941
1.68794e+09 -1.3364 11.184 0.22357
1.68794e+09 -0.726613 -5.33581 0.164247
1.68794e+09 -3.93849 -5.23208 0.0932172
1.68794e+09 -3.49141 -6.97935 0.0961134
1.68794e+09 9.06143 -4.82182 0.13371
1.68794e+09 0.147887 -10.0717 0.150672
1.68794e+09 -6.24267 -12.1164 0.19103
1.68794e+09 8.39377 4.25905 0.132042
1.68794e+09 13.5352 1.69527 0.173388
1.68794e+09 9.64526 -11.755 0.152239
