1.68794e+09 1.06526 -6.05366 0.254299
1.68794e+09 4.55777 -5.23907 0.180699
1.68794e+09 9.25443 -3.30761 0.190248
1.68794e+09 5.39572 11.5648 0.211703
1.68794e+09 8.30998 -12.2062 0.211394
1.68794e+09 12.8598 4.16015 0.246337
1.68794e+09 -7.59591 8.56854 0.181469
1.68794e+09 -4.65652 5.59171 0.0867798
1.68794e+09 -6.65846 -9.52913 0.177292
1.68794e+09 12.7775 -3.16808 0.181731
1.68794e+09 -3.86027 9.4895 0.136734
1.68794e+09 -2.21987 -10.4319 0.152537
1.68794e+09 8.36539 18.7352 0.244639
1.68794e+09 -1.87632 15.8321 0.219381
