1.68794e+09 3.75591 -7.47488 0.269356
1.68794e+09 1.85075 -11.6123 0.286352
1.68794e+09 -5.37498 4.29994 0.256849
1.68794e+09 11.2502 -4.50302 0.2451
1.68794e+09 5.35136 7.66211 0.203799
1.68794e+09 -1.56627 11.2003 0.226766
1.68794e+09 -0.840376 -5.33001 0.152201
1.68794e+09 -4.02396 -5.22706 0.0928148
1.68794e+09 8.94515 -4.68182 0.140765
1.68794e+09 0.115415 -9.98168 0.118275
1.68794e+09 13.4374 1.83884 0.19431
1.68794e+09 -3.5115 -7.03318 0.088297
1.68794e+09 8.16935 4.41044 0.11943
1.68794e+09 -6.33925 -12.111 0.192606
1.68794e+09 9.74594 -11.655 0.134168
