1.68794e+09 3.02157 -7.09182 0.255896
1.68794e+09 1.06182 -11.3069 0.282779
1.68794e+09 3.68619 8.16997 0.209656
1.68794e+09 -1.91229 -5.1664 0.201301
1.68794e+09 10.2224 -3.78974 0.218149
1.68794e+09 7.86027 -4.0478 0.110035
1.68794e+09 11.9455 2.70007 0.16699
1.68794e+09 -0.65188 -9.7897 0.126098
1.68794e+09 5.39005 -5.09254 0.150392
1.68794e+09 -4.88888 -5.27367 0.104944
1.68794e+09 20.7761 -3.9307 0.219309
1.68794e+09 6.64265 5.08114 0.0971314
1.68794e+09 -4.50347 -6.96232 0.106472
1.68794e+09 9.03017 -10.9777 0.151812
