1.68794e+09 5.94009 -2.5957 0.253033
1.68794e+09 -0.645693 -6.38183 0.252077
1.68794e+09 -1.32285 8.75841 0.206188
1.68794e+09 -2.32836 -10.8927 0.277289
1.68794e+09 7.32074 4.00143 0.191449
1.68794e+09 1.87616 5.93901 0.0925599
1.68794e+09 11.9908 -4.26852 0.188882
1.68794e+09 16.5366 -1.96286 0.186351
1.68794e+09 -4.12697 -9.5589 0.132172
1.68794e+09 0.928809 -9.1685 0.15359
1.68794e+09 2.34406 9.92965 0.126717
1.68794e+09 0.398662 -7.65833 0.12116
1.68794e+09 -10.2819 -12.5594 0.181033
1.68794e+09 2.07299 -10.4823 0.104999
