1.68794e+09 3.63662 -6.0647 0.270108
1.68794e+09 7.19179 -5.47923 0.186119
1.68794e+09 -4.63585 8.65899 0.193932
1.68794e+09 11.982 -3.67358 0.201825
1.68794e+09 -1.74504 5.57211 0.0876424
1.68794e+09 8.60183 11.315 0.20974
1.68794e+09 7.6753 3.19572 0.132678
1.68794e+09 15.5791 -3.73823 0.133807
1.68794e+09 -0.843643 9.48353 0.11959
1.68794e+09 -3.24906 -10.9073 0.186886
1.68794e+09 15.7906 3.71444 0.236244
1.68794e+09 -4.22711 -9.41079 0.157799
1.68794e+09 -11.4932 11.8965 0.206703
1.68794e+09 10.5484 -12.4234 0.178321
