1.68794e+09 7.57322 -2.84153 0.260995
1.68794e+09 -0.922272 -10.8929 0.267377
1.68794e+09 0.531646 8.68238 0.20287
1.68794e+09 5.38324 -3.23924 0.137014
1.68794e+09 9.10899 3.71576 0.166376
1.68794e+09 3.66332 5.75022 0.084451
1.68794e+09 -2.73635 -9.50824 0.117678
1.68794e+09 18.2189 -2.36561 0.177083
1.68794e+09 13.5867 12.3131 0.236381
1.68794e+09 4.27216 9.7582 0.110053
1.68794e+09 5.97762 4.52623 0.106024
1.68794e+09 2.49746 -9.35287 0.153611
1.68794e+09 5.94843 16.2222 0.255514
1.68794e+09 -9.00357 -12.2751 0.195384
