1.68794e+09 8.48098 -2.77924 0.255993
1.68794e+09 -5.034 -5.48427 0.198778
1.68794e+09 4.31872 6.12954 0.200651
1.68794e+09 -2.66177 8.52365 0.203316
1.68794e+09 5.46178 -3.20889 0.125883
1.68794e+09 5.51297 11.4607 0.206571
1.68794e+09 4.36932 -12.2472 0.169597
1.68794e+09 9.08106 6.05572 0.197534
1.68794e+09 -3.52373 -9.38023 0.138879
1.68794e+09 15.8531 -3.46759 0.229638
1.68794e+09 8.42038 -5.91824 0.143429
1.68794e+09 4.21434 10.1291 0.117855
1.68794e+09 14.9689 4.95478 0.188582
1.68794e+09 -6.4521 -7.95631 0.140705
1.68794e+09 -6.06397 16.4002 0.209495
