1.68794e+09 6.30696 -2.5977 0.262321
1.68794e+09 -2.05358 -10.842 0.263213
1.68794e+09 -0.975493 8.76538 0.210385
1.68794e+09 7.70574 3.99286 0.182807
1.68794e+09 -6.03461 -4.65318 0.27196
1.68794e+09 2.2334 5.94444 0.0979501
1.68794e+09 -9.84539 -12.5031 0.16445
1.68794e+09 12.3354 -4.24552 0.194058
1.68794e+09 0.748227 -7.65669 0.117162
1.68794e+09 16.9178 -1.96498 0.201265
1.68794e+09 1.27428 -9.15946 0.136078
1.68794e+09 8.60142 -5.01542 0.235003
1.68794e+09 -3.79758 -9.54299 0.131189
1.68794e+09 2.72798 9.91737 0.131328
