1.68794e+09 8.66625 -4.78882 0.223408
1.68794e+09 -0.593158 -8.74682 0.263032
1.68794e+09 -0.691998 -7.97676 0.104936
1.68794e+09 -7.20823 -8.2243 0.186306
1.68794e+09 -7.40031 10.0123 0.18601
1.68794e+09 -0.637526 7.21382 0.11956
1.68794e+09 5.19345 -4.60518 0.160804
1.68794e+09 0.633409 9.66508 0.123772
1.68794e+09 1.05592 5.84914 0.144661
1.68794e+09 2.59956 -7.43419 0.137042
1.68794e+09 11.6678 3.49217 0.133425
1.68794e+09 3.74637 -12.137 0.195018
1.68794e+09 -9.17619 -13.8807 0.154743
1.68794e+09 -4.9539 -20.943 0.20601
