1.68794e+09 9.54392 -2.87327 0.253074
1.68794e+09 -4.0184 -5.58917 0.236896
1.68794e+09 5.39756 6.04179 0.205285
1.68794e+09 6.52621 -3.28294 0.123714
1.68794e+09 9.73536 -6.09901 0.155251
1.68794e+09 6.57476 11.3434 0.191601
1.68794e+09 5.45456 -12.2601 0.209838
1.68794e+09 -2.47293 -9.40891 0.113106
1.68794e+09 16.8256 -3.53812 0.242671
1.68794e+09 -5.02992 16.3264 0.221739
1.68794e+09 -6.68571 8.78818 0.108902
1.68794e+09 10.0285 5.96639 0.145974
1.68794e+09 5.43943 10.0231 0.10924
1.68794e+09 16.0044 4.82977 0.181813
