1.68794e+09 6.8167 -2.64085 0.255631
1.68794e+09 -5.53731 -4.60676 0.281566
1.68794e+09 -1.50761 -10.868 0.263021
1.68794e+09 -0.411161 8.75188 0.205408
1.68794e+09 8.2646 3.93238 0.174212
1.68794e+09 2.77576 5.90179 0.0912947
1.68794e+09 1.31208 -7.6404 0.124034
1.68794e+09 1.79401 -9.21875 0.147492
1.68794e+09 9.2727 -5.32033 0.229456
1.68794e+09 17.4523 -2.01938 0.201883
1.68794e+09 -3.31184 -9.5098 0.141665
1.68794e+09 12.81 -4.2991 0.17473
1.68794e+09 3.28777 9.92913 0.143231
1.68794e+09 -9.51843 -12.3912 0.179004
