1.67421e+09 -5.11455 9.44907 0.335652
1.67421e+09 -0.172451 -7.02843 0.286484
1.67421e+09 6.3279 9.91954 0.292167
1.67421e+09 -7.44476 -11.7201 0.336121
1.67421e+09 2.42632 9.32884 0.210657
1.67421e+09 -9.72763 -5.86538 0.279457
1.67421e+09 1.06551 14.1223 0.258166
1.67421e+09 8.1071 -7.00602 0.233205
1.67421e+09 13.3636 7.80787 0.189151
1.67421e+09 16.5511 11.048 0.270362
1.67421e+09 -6.03167 14.2668 0.26846
1.67421e+09 -14.1144 12.5795 0.297777
1.67421e+09 -13.3199 -10.107 0.193647
1.67421e+09 20.2489 7.21906 0.237291
