1.67421e+09 -4.21245 5.94208 0.218174
1.67421e+09 11.4145 -8.4292 0.337998
1.67421e+09 11.6946 3.73056 0.252829
1.67421e+09 0.215678 6.94558 0.212793
1.67421e+09 4.21197 12.0122 0.257055
1.67421e+09 16.1539 -5.81512 0.273307
1.67421e+09 5.21275 -11.8367 0.171977
1.67421e+09 18.7282 4.08053 0.2611
1.67421e+09 8.88857 -8.4716 0.174754
1.67421e+09 5.61373 6.37405 0.111646
1.67421e+09 1.62357 17.4421 0.237038
1.67421e+09 -10.1022 16.6813 0.282836
1.67421e+09 -4.54954 -8.43057 0.123203
1.67421e+09 -4.00548 7.71758 0.100434
1.67421e+09 -6.71364 13.1592 0.274082
1.67421e+09 26.1516 4.71952 0.225254
1.67421e+09 -2.69569 23.892 0.242793
