1.67421e+09 7.88785 4.71264 0.250221
1.67421e+09 -7.19465 -7.80681 0.317493
1.67421e+09 -6.45577 4.23308 0.257906
1.67421e+09 12.0461 -7.55164 0.277903
1.67421e+09 7.43885 -8.84812 0.1204
1.67421e+09 -6.30748 12.3538 0.24915
1.67421e+09 13.0367 6.56031 0.17976
1.67421e+09 -9.59852 -7.86515 0.14502
1.67421e+09 6.91201 6.52915 0.0845547
1.67421e+09 -3.26924 15.828 0.221072
1.67421e+09 13.7293 16.1941 0.239492
1.67421e+09 9.58749 -8.47117 0.136409
1.67421e+09 12.112 -17.202 0.170633
1.67421e+09 -1.40215 -18.5239 0.223651
1.67421e+09 5.08172 19.2402 0.264301
