1.67421e+09 3.32727 -8.41109 0.344866
1.67421e+09 8.33718 -5.92949 0.29396
1.67421e+09 11.1415 3.80278 0.260058
1.67421e+09 -8.26336 -7.69975 0.283572
1.67421e+09 3.90653 11.842 0.256484
1.67421e+09 6.84095 -10.945 0.185248
1.67421e+09 0.872197 -8.35873 0.201031
1.67421e+09 18.642 4.24598 0.24147
1.67421e+09 2.62698 5.44218 0.137177
1.67421e+09 -7.50271 7.35819 0.202661
1.67421e+09 -13.3426 -4.7601 0.272544
1.67421e+09 -2.85807 -11.598 0.163552
1.67421e+09 -3.33941 12.3633 0.287752
1.67421e+09 -6.24984 -17.2027 0.214555
1.67421e+09 9.09341 -18.9687 0.219093
1.67421e+09 -2.00805 6.69247 0.0992034
1.67421e+09 23.9899 15.8177 0.245991
