1.67421e+09 10.5017 3.7911 0.225994
1.67421e+09 3.04181 -8.37629 0.331894
1.67421e+09 8.07684 -5.93844 0.296664
1.67421e+09 -8.51866 -7.67437 0.244317
1.67421e+09 3.60595 11.8843 0.269131
1.67421e+09 6.46647 -10.9425 0.179597
1.67421e+09 18.3002 4.28725 0.238177
1.67421e+09 0.577054 -8.37342 0.203696
1.67421e+09 2.28569 5.40147 0.136681
1.67421e+09 -7.83029 7.37155 0.199226
1.67421e+09 -3.64707 12.3606 0.261382
1.67421e+09 -3.15444 -11.5792 0.15357
1.67421e+09 -6.60782 -17.2235 0.200711
1.67421e+09 8.70987 -18.9206 0.22023
1.67421e+09 23.5998 15.8699 0.262486
1.67421e+09 -17.4483 -8.46053 0.21077
