1.67421e+09 2.42889 -7.34868 0.317591
1.67421e+09 -11.5069 -4.74092 0.270129
1.67421e+09 3.90853 6.86913 0.144148
1.67421e+09 18.4358 6.10765 0.3147
1.67421e+09 -8.52967 4.95057 0.279779
1.67421e+09 18.903 -10.3631 0.316716
1.67421e+09 12.9775 5.55904 0.236602
1.67421e+09 4.91037 16.5521 0.243712
1.67421e+09 -1.14581 5.2043 0.259162
1.67421e+09 18.0805 11.5184 0.207465
1.67421e+09 -2.10338 -8.41753 0.1244
1.67421e+09 -10.1066 -23.7929 0.305444
1.67421e+09 -15.1101 13.2012 0.247718
1.67421e+09 -12.0497 16.6317 0.229473
1.67421e+09 -11.5867 -17.7132 0.225222
1.67421e+09 -2.066 7.0385 0.0731378
1.67421e+09 0.0529361 -8.13402 0.1051
1.67421e+09 -0.482685 7.49108 0.112252
1.67421e+09 4.89351 23.1704 0.232722
