1.67421e+09 0.915092 -5.73008 0.315496
1.67421e+09 6.28477 -8.4225 0.320816
1.67421e+09 2.4738 5.53274 0.187816
1.67421e+09 6.52764 6.57573 0.201295
1.67421e+09 -2.72742 -9.65756 0.264712
1.67421e+09 17.9555 -8.61683 0.333436
1.67421e+09 -2.57896 5.51771 0.135911
1.67421e+09 10.5137 11.7161 0.25739
1.67421e+09 18.1252 3.55903 0.261029
1.67421e+09 -10.0644 -5.15991 0.222463
1.67421e+09 -0.0915907 12.7636 0.247082
1.67421e+09 2.61468 7.35723 0.0867316
1.67421e+09 -6.66945 6.11955 0.106922
1.67421e+09 -3.6067 16.3098 0.301538
1.67421e+09 11.7417 -12.1036 0.16924
1.67421e+09 17.8186 11.5998 0.245531
1.67421e+09 25.1184 3.93907 0.258936
1.67421e+09 -8.95773 8.72017 0.155737
1.67421e+09 -13.9089 -17.1748 0.307828
1.67421e+09 8.36618 -17.9101 0.164364
1.67421e+09 -6.89309 -13.5348 0.18056
1.67421e+09 -15.7391 -11.1577 0.262719
1.67421e+09 12.0357 6.09395 0.109654
1.67421e+09 15.4667 -8.76869 0.166211
1.67421e+09 20.6816 15.2513 0.247456
1.67421e+09 -13.4483 23.238 0.28879
