1.67421e+09 5.98774 -8.51414 0.352856
1.67421e+09 6.59904 3.59015 0.229188
1.67421e+09 -5.70418 -7.86906 0.269972
1.67421e+09 10.8484 -6.0421 0.324877
1.67421e+09 -5.11555 7.13041 0.212625
1.67421e+09 13.6455 3.75363 0.264802
1.67421e+09 3.48176 -8.55204 0.194118
1.67421e+09 6.37526 11.7172 0.249651
1.67421e+09 -0.880742 12.1586 0.264905
1.67421e+09 -10.9391 -4.97663 0.312553
1.67421e+09 21.1247 4.22665 0.237876
1.67421e+09 9.26684 -11.0314 0.205546
1.67421e+09 9.33067 15.2306 0.248875
1.67421e+09 -0.209809 -11.7767 0.158419
1.67421e+09 0.480975 6.55019 0.112934
1.67421e+09 -9.05985 6.26182 0.212354
1.67421e+09 -3.31145 17.6771 0.262094
1.67421e+09 -11.491 13.5653 0.294652
1.67421e+09 -3.61118 -17.3811 0.238309
1.67421e+09 -14.6211 -8.75769 0.241835
