1.67421e+09 2.04552 -8.38101 0.35505
1.67421e+09 7.01671 -5.85972 0.283796
1.67421e+09 9.47042 3.83805 0.260324
1.67421e+09 -9.54676 -7.68178 0.278015
1.67421e+09 16.9233 4.31301 0.243541
1.67421e+09 -4.6807 12.3908 0.291574
1.67421e+09 21.4945 -7.92957 0.309794
1.67421e+09 5.44437 -10.9462 0.193113
1.67421e+09 -3.3743 6.72001 0.106838
1.67421e+09 -8.81655 7.37414 0.196662
1.67421e+09 -4.16575 -11.5749 0.15812
1.67421e+09 5.62143 15.3989 0.244296
1.67421e+09 2.64701 11.9345 0.300601
1.67421e+09 1.36222 5.38642 0.0976266
1.67421e+09 22.6404 15.8212 0.248261
