1.67421e+09 -4.91088 -6.16692 0.322293
1.67421e+09 0.041352 9.1414 0.323648
1.67421e+09 11.5233 9.53975 0.319627
1.67421e+09 -2.45428 -12.0537 0.363017
1.67421e+09 7.38702 8.94834 0.188321
1.67421e+09 14.0774 -13.16 0.29855
1.67421e+09 5.41949 -18.7603 0.303118
1.67421e+09 6.22038 13.7355 0.253248
1.67421e+09 -8.95752 12.4059 0.26931
1.67421e+09 13.0126 -7.49512 0.212636
1.67421e+09 -0.873432 13.9612 0.255444
1.67421e+09 18.4608 7.28741 0.19032
1.67421e+09 21.7785 10.5249 0.281274
1.67421e+09 3.75843 -18.1204 0.167092
1.67421e+09 25.3404 6.62249 0.25685
