1.67421e+09 0.949544 -5.95453 0.2376
1.67421e+09 11.9867 -6.6863 0.344484
1.67421e+09 8.18117 -10.49 0.243931
1.67421e+09 2.27778 8.02878 0.170331
1.67421e+09 8.58991 4.54011 0.148827
1.67421e+09 13.7365 4.49003 0.185183
1.67421e+09 -4.84748 -11.6944 0.256924
1.67421e+09 4.44894 5.33882 0.096487
1.67421e+09 -7.14938 10.953 0.219864
1.67421e+09 -3.05558 -17.684 0.322364
1.67421e+09 11.3592 11.8675 0.234179
1.67421e+09 -8.22749 6.68968 0.173024
1.67421e+09 3.8809 -14.3061 0.164179
1.67421e+09 21.8565 10.4976 0.270282
1.67421e+09 19.3989 15.9533 0.221507
1.67421e+09 29.4369 2.34967 0.300003
1.67421e+09 -21.1727 -13.6689 0.236528
