1.67421e+09 9.3144 3.7159 0.241992
1.67421e+09 8.90068 -8.39633 0.310367
1.67421e+09 -8.06163 -5.22432 0.334524
1.67421e+09 13.9527 -5.85315 0.301264
1.67421e+09 -2.43389 7.07408 0.227706
1.67421e+09 2.63785 -11.7716 0.177407
1.67421e+09 16.3565 4.00588 0.2571
1.67421e+09 -6.5068 6.07472 0.206656
1.67421e+09 9.19483 11.8013 0.26461
1.67421e+09 1.67403 12.0902 0.252545
1.67421e+09 6.41761 -8.49609 0.167702
1.67421e+09 3.31445 6.423 0.112312
1.67421e+09 -11.7237 -9.02316 0.231379
1.67421e+09 -0.877276 17.6015 0.267224
1.67421e+09 -8.92584 13.3288 0.264105
1.67421e+09 23.8777 4.60233 0.229914
1.67421e+09 12.4711 -10.8436 0.175428
1.67421e+09 -12.3377 16.9006 0.292543
