1.67421e+09 0.90387 -6.46164 0.33317
1.67421e+09 3.61349 -12.0501 0.250243
1.67421e+09 5.77087 8.76715 0.329637
1.67421e+09 10.5067 -7.59312 0.33087
1.67421e+09 -3.069 6.77967 0.276418
1.67421e+09 -7.14548 8.93114 0.208453
1.67421e+09 17.2474 9.20351 0.279552
1.67421e+09 4.87947 13.5928 0.242981
1.67421e+09 11.3822 -19.0505 0.296798
1.67421e+09 13.2417 8.64104 0.18923
1.67421e+09 -3.22102 12.0394 0.294604
1.67421e+09 11.9846 13.4207 0.257441
1.67421e+09 -10.6054 -10.9773 0.235994
1.67421e+09 -1.96498 -10.7133 0.185608
1.67421e+09 18.9221 -7.76372 0.220925
1.67421e+09 9.69616 -18.4297 0.177003
1.67421e+09 24.2661 7.0408 0.210863
