1.67421e+09 4.75884 -5.97865 0.332393
1.67421e+09 10.1143 -8.75403 0.309871
1.67421e+09 6.36848 5.25234 0.179357
1.67421e+09 -6.27938 -5.45377 0.226646
1.67421e+09 1.12831 -9.87561 0.249122
1.67421e+09 1.31283 5.23553 0.133818
1.67421e+09 10.4852 6.34076 0.19959
1.67421e+09 3.79416 12.4849 0.235743
1.67421e+09 -5.10627 8.52297 0.174395
1.67421e+09 -2.86142 5.937 0.10971
1.67421e+09 21.724 -8.93781 0.306931
1.67421e+09 -11.9311 -11.4271 0.254756
1.67421e+09 5.06004 -22.843 0.302041
1.67421e+09 -4.66756 5.29089 0.117622
1.67421e+09 22.0307 3.29846 0.266447
1.67421e+09 6.49798 7.0864 0.0946589
1.67421e+09 5.74513 -9.01851 0.11916
1.67421e+09 0.318935 16.0678 0.284832
1.67421e+09 11.8138 16.8262 0.224987
1.67421e+09 -9.99492 -17.3453 0.296776
1.67421e+09 -3.02531 -13.7407 0.181315
1.67421e+09 28.9961 3.55974 0.283464
1.67421e+09 -9.46565 23.0462 0.268278
1.67421e+09 19.1336 -8.89386 0.235683
1.67421e+09 -11.0974 15.0994 0.259914
