1.67421e+09 -4.86331 -5.36608 0.290693
1.67421e+09 5.25054 4.83235 0.262241
1.67421e+09 9.31895 -7.51002 0.279648
1.67421e+09 -9.88374 -7.63204 0.317045
1.67421e+09 4.69593 -8.772 0.136852
1.67421e+09 10.3458 6.63412 0.143572
1.67421e+09 6.89004 -8.44223 0.13072
1.67421e+09 -9.03579 4.44385 0.247802
1.67421e+09 4.28061 6.63362 0.0781441
1.67421e+09 24.8368 6.18469 0.300672
1.67421e+09 11.1218 16.2894 0.244359
1.67421e+09 5.82467 7.1058 0.0832875
1.67421e+09 -6.4569 -10.2471 0.141364
1.67421e+09 -5.85415 15.9855 0.231516
1.67421e+09 -8.87346 12.5446 0.239548
1.67421e+09 19.3757 5.53985 0.218006
1.67421e+09 10.9241 22.9 0.261887
1.67421e+09 -16.1368 13.1672 0.307572
1.67421e+09 -4.14693 -18.3684 0.226752
1.67421e+09 -12.3342 -7.70693 0.192941
1.67421e+09 24.3678 11.575 0.207941
1.67421e+09 -16.1263 -10.78 0.180427
1.67421e+09 19.9475 22.612 0.226551
