1.67421e+09 2.40425 5.40985 0.177983
1.67421e+09 7.91337 5.66687 0.291874
1.67421e+09 7.49745 -10.7164 0.326418
1.67421e+09 7.8594 11.1269 0.218707
1.67421e+09 15.2741 -11.8327 0.268594
1.67421e+09 -6.90943 7.31221 0.154913
1.67421e+09 -4.96283 16.9214 0.260239
1.67421e+09 18.0756 8.57204 0.264617
1.67421e+09 22.5481 6.18275 0.245346
1.67421e+09 -11.9449 5.87887 0.243685
1.67421e+09 -5.87949 -14.3767 0.188396
1.67421e+09 4.61642 -26.338 0.223336
1.67421e+09 4.2604 22.5894 0.2295
1.67421e+09 -1.78835 -24.1821 0.240732
1.67421e+09 -13.7086 20.7201 0.300235
1.67421e+09 12.0469 23.3447 0.256097
