1.67421e+09 6.19456 -6.10163 0.336302
1.67421e+09 -4.64764 -5.57215 0.228526
1.67421e+09 2.48935 -9.98467 0.258766
1.67421e+09 11.5383 -8.86844 0.295717
1.67421e+09 7.81491 5.13205 0.19696
1.67421e+09 2.65621 5.20741 0.162767
1.67421e+09 11.9282 6.21508 0.203544
1.67421e+09 5.2256 12.3549 0.232015
1.67421e+09 1.78109 15.9132 0.28653
1.67421e+09 -1.40291 5.80533 0.106852
1.67421e+09 -3.67766 8.44009 0.184138
1.67421e+09 -3.25844 5.24724 0.106016
1.67421e+09 -8.07228 4.56428 0.160603
1.67421e+09 23.5211 3.20847 0.26938
1.67421e+09 15.854 11.2637 0.2367
1.67421e+09 -8.63183 -17.451 0.317977
1.67421e+09 7.8754 6.93488 0.121231
1.67421e+09 13.2804 16.6823 0.230386
1.67421e+09 -1.63156 -13.846 0.178588
1.67421e+09 7.14148 -9.22096 0.154307
1.67421e+09 23.1574 11.1523 0.239641
1.67421e+09 -10.2571 -11.404 0.244458
1.67421e+09 -7.98163 22.9373 0.26779
