1.67421e+09 2.25339 -5.7268 0.281537
1.67421e+09 -2.74766 -8.11331 0.311982
1.67421e+09 12.1949 4.46928 0.244492
1.67421e+09 16.4467 -7.81185 0.291271
1.67421e+09 -2.04907 12.0727 0.248221
1.67421e+09 -9.31867 12.6366 0.297995
1.67421e+09 -5.19236 -8.14837 0.139538
1.67421e+09 -9.06236 -11.2946 0.173366
1.67421e+09 0.965411 15.5602 0.22901
1.67421e+09 0.759592 -10.7634 0.20734
1.67421e+09 2.8461 -18.6967 0.228565
1.67421e+09 14.1328 -8.73755 0.198013
1.67421e+09 12.1577 -9.10188 0.150377
1.67421e+09 -14.0822 -7.40981 0.259575
1.67421e+09 16.7467 -17.397 0.209758
1.67421e+09 -12.5589 -16.9025 0.163988
1.67421e+09 11.1712 6.28128 0.084172
