1.67421e+09 1.07685 -5.96808 0.242689
1.67421e+09 12.0925 -6.69058 0.331612
1.67421e+09 2.40461 8.00649 0.167174
1.67421e+09 8.34158 -10.5065 0.252876
1.67421e+09 8.738 4.54421 0.161332
1.67421e+09 4.59923 5.32204 0.0992917
1.67421e+09 13.8437 4.46935 0.182212
1.67421e+09 -4.72367 -11.6801 0.263113
1.67421e+09 -6.99761 10.9449 0.207469
1.67421e+09 7.98684 15.4286 0.24935
1.67421e+09 -3.47046 14.7533 0.248895
1.67421e+09 -8.09009 6.6925 0.174906
1.67421e+09 11.4563 11.832 0.223902
1.67421e+09 -2.91828 -17.6763 0.31118
1.67421e+09 4.01638 -14.3238 0.183579
1.67421e+09 22.0078 10.4662 0.290044
1.67421e+09 19.4949 15.9442 0.251601
