1.67421e+09 6.9121 -7.3807 0.309208
1.67421e+09 2.27894 8.94092 0.280089
1.67421e+09 -0.173651 -12.224 0.358978
1.67421e+09 -6.57872 6.99455 0.283827
1.67421e+09 13.7398 9.36408 0.305023
1.67421e+09 9.62574 8.70788 0.193653
1.67421e+09 7.66809 -18.9238 0.298966
1.67421e+09 -6.74552 12.243 0.283181
1.67421e+09 1.38671 13.7966 0.255684
1.67421e+09 8.479 13.5683 0.25446
1.67421e+09 15.3013 -7.60601 0.224881
1.67421e+09 20.7191 7.12206 0.200352
1.67421e+09 6.04359 -18.2964 0.193336
1.67421e+09 24.0812 10.3465 0.262521
1.67421e+09 -5.56114 21.84 0.27216
1.67421e+09 27.6158 6.44511 0.256982
