1.67421e+09 -5.55002 9.46207 0.31635
1.67421e+09 5.92405 9.95073 0.30141
1.67421e+09 -10.1919 -5.76967 0.246665
1.67421e+09 -7.95508 -11.669 0.341164
1.67421e+09 1.88589 9.31839 0.179061
1.67421e+09 7.64579 -7.00614 0.200976
1.67421e+09 12.936 7.81716 0.188721
1.67421e+09 0.646527 14.1441 0.255779
1.67421e+09 16.1399 11.0568 0.275862
1.67421e+09 -6.46192 14.3021 0.282809
1.67421e+09 -14.5361 12.6285 0.283426
1.67421e+09 19.8501 7.2373 0.235337
1.67421e+09 0.17579 -18.3798 0.288044
1.67421e+09 3.05427 25.2128 0.239914
