1.67421e+09 -6.17848 -6.99625 0.321876
1.67421e+09 10.5403 5.53915 0.279093
1.67421e+09 5.06066 5.28942 0.195823
1.67421e+09 10.1363 -10.8764 0.297796
1.67421e+09 -3.91499 7.13091 0.137143
1.67421e+09 -9.34252 5.74312 0.267248
1.67421e+09 4.80919 -19.2075 0.217193
1.67421e+09 18.0265 -12.0233 0.272032
1.67421e+09 -2.32973 16.7741 0.261482
1.67421e+09 -3.22485 -14.5536 0.187503
1.67421e+09 6.88077 22.4605 0.237509
1.67421e+09 -2.03173 23.3458 0.240985
1.67421e+09 14.6659 23.2176 0.273333
1.67421e+09 -10.7484 -7.78142 0.100421
