1.67421e+09 1.40799 -6.0028 0.25444
1.67421e+09 12.4643 -6.72425 0.340309
1.67421e+09 2.78162 7.98111 0.181845
1.67421e+09 9.10849 4.4757 0.148009
1.67421e+09 8.67702 -10.5481 0.25689
1.67421e+09 -4.40619 -11.7142 0.26212
1.67421e+09 14.2953 4.4426 0.193298
1.67421e+09 4.98947 5.30786 0.118041
1.67421e+09 8.42132 15.4366 0.288802
1.67421e+09 -7.76107 6.68092 0.193368
1.67421e+09 -6.62612 10.9414 0.196363
1.67421e+09 14.2886 6.25805 0.134463
1.67421e+09 -3.06208 14.7777 0.249887
1.67421e+09 -2.56787 -17.6589 0.303327
1.67421e+09 4.32499 -14.3633 0.18522
1.67421e+09 3.38278 11.1302 0.104072
1.67421e+09 11.7215 11.6958 0.238005
