1.67421e+09 6.6454 -10.2846 0.247214
1.67421e+09 10.3564 -6.41859 0.337692
1.67421e+09 -0.534052 -5.78673 0.252678
1.67421e+09 6.91711 4.78284 0.14629
1.67421e+09 12.0911 4.80728 0.211576
1.67421e+09 2.7528 5.51888 0.121449
1.67421e+09 0.609862 8.26143 0.21302
1.67421e+09 -6.30669 -11.6312 0.260304
1.67421e+09 6.08224 15.662 0.293721
1.67421e+09 -8.8689 10.9877 0.216268
1.67421e+09 2.52185 -14.1001 0.164231
1.67421e+09 -5.38425 14.8253 0.264946
1.67421e+09 -4.45018 -17.6114 0.287883
1.67421e+09 15.9847 5.75385 0.211309
1.67421e+09 -9.91603 6.69905 0.169904
1.67421e+09 17.8601 -18.6698 0.224503
1.67421e+09 9.65987 12.1365 0.226355
1.67421e+09 17.5918 16.3234 0.258839
1.67421e+09 1.23237 11.4341 0.0897632
