1.67421e+09 5.24025 5.66302 0.275423
1.67421e+09 4.57386 -10.7096 0.321726
1.67421e+09 -0.613862 5.53179 0.170996
1.67421e+09 5.24594 11.1562 0.237759
1.67421e+09 12.4013 -11.9723 0.275014
1.67421e+09 19.7706 5.98249 0.253109
1.67421e+09 -0.195756 5.53563 0.162234
1.67421e+09 -7.86223 17.139 0.250296
1.67421e+09 15.3208 8.49724 0.224051
1.67421e+09 -8.85236 -14.1624 0.204465
1.67421e+09 15.3107 -20.6173 0.263224
1.67421e+09 1.73933 22.6768 0.24073
1.67421e+09 9.57911 23.3142 0.254022
1.67421e+09 -9.51951 7.55142 0.171058
1.67421e+09 14.0227 24.6154 0.251348
1.67421e+09 -12.4159 -16.0513 0.167403
