1.67421e+09 -4.3661 5.33285 0.264779
1.67421e+09 9.7267 5.38182 0.216896
1.67421e+09 15.3568 -10.6981 0.326526
1.67421e+09 15.2121 5.82706 0.303142
1.67421e+09 1.99513 -14.7827 0.213162
1.67421e+09 0.821304 6.89942 0.128259
1.67421e+09 10.218 -19.1194 0.255315
1.67421e+09 15.029 11.2588 0.204707
1.67421e+09 -5.26244 7.17171 0.0989357
1.67421e+09 6.48281 -24.428 0.297205
1.67421e+09 -5.72202 -8.2318 0.133101
1.67421e+09 10.9586 22.5571 0.233353
1.67421e+09 -15.3186 -17.2442 0.184777
1.67421e+09 -3.53714 -8.01158 0.104981
1.67421e+09 23.2766 -11.5564 0.242108
1.67421e+09 -6.5451 20.1454 0.311763
1.67421e+09 -3.66444 7.59768 0.0820067
1.67421e+09 18.7453 23.5818 0.285737
