1.67421e+09 2.13924 -8.35371 0.322203
1.67421e+09 2.47246 6.71649 0.229412
1.67421e+09 -1.5104 5.74741 0.229864
1.67421e+09 13.7672 -8.6141 0.318943
1.67421e+09 14.0599 3.55125 0.263464
1.67421e+09 6.55827 11.8114 0.257122
1.67421e+09 -6.9525 -9.39791 0.24185
1.67421e+09 7.54579 -12.0246 0.17542
1.67421e+09 11.2485 -8.66179 0.174292
1.67421e+09 21.0849 3.87425 0.272365
1.67421e+09 -6.8607 5.65525 0.150539
1.67421e+09 -4.0767 12.9144 0.244513
1.67421e+09 13.8699 11.6154 0.258401
1.67421e+09 7.94733 6.19217 0.117128
1.67421e+09 3.98852 17.2673 0.270895
1.67421e+09 -7.51458 16.5238 0.311641
1.67421e+09 16.7647 15.1875 0.283937
1.67421e+09 -11.0976 -13.3375 0.225373
1.67421e+09 -2.21317 -8.62784 0.164364
1.67421e+09 -13.2111 9.01208 0.188909
1.67421e+09 -1.37643 7.50193 0.0827584
1.67421e+09 28.5436 4.48203 0.251361
