1.67421e+09 -3.79486 -8.06061 0.324249
1.67421e+09 11.1824 4.52958 0.24733
1.67421e+09 15.3627 -7.74523 0.290133
1.67421e+09 -6.24987 -8.11518 0.149778
1.67421e+09 -3.04092 12.1544 0.250112
1.67421e+09 10.7359 -8.98687 0.157236
1.67421e+09 -0.306898 -10.6466 0.162841
1.67421e+09 -10.0725 -11.1799 0.18396
1.67421e+09 13.0191 -8.63529 0.180524
1.67421e+09 -0.00294772 15.6706 0.254714
1.67421e+09 3.16703 -9.29871 0.121799
1.67421e+09 15.7867 -17.401 0.166599
1.67421e+09 16.9855 16.0047 0.241922
1.67421e+09 10.1483 6.28249 0.0810194
1.67421e+09 16.781 22.7065 0.31695
1.67421e+09 6.04856 23.8697 0.232234
