1.67421e+09 10.8646 -6.52055 0.340322
1.67421e+09 -0.0286438 -5.8186 0.23854
1.67421e+09 7.20069 -10.3601 0.249338
1.67421e+09 12.6043 4.66637 0.214036
1.67421e+09 7.4399 4.68935 0.125595
1.67421e+09 3.33372 5.473 0.105748
1.67421e+09 6.67297 15.5739 0.28042
1.67421e+09 -5.8213 -11.6293 0.26378
1.67421e+09 1.20561 8.15073 0.165824
1.67421e+09 -4.00918 -17.6425 0.29935
1.67421e+09 -9.36684 6.67743 0.165336
1.67421e+09 -4.7749 14.8167 0.26898
1.67421e+09 3.02387 -14.146 0.166312
1.67421e+09 11.2358 -23.1224 0.234347
1.67421e+09 18.1534 16.1584 0.237102
1.67421e+09 9.96816 -21.9239 0.236962
1.67421e+09 -2.97197 22.8103 0.297471
