1.67421e+09 5.6822 5.67282 0.306665
1.67421e+09 4.92997 -10.6567 0.323595
1.67421e+09 0.206533 5.53363 0.173617
1.67421e+09 5.66118 11.1337 0.225687
1.67421e+09 12.8622 -11.9738 0.267086
1.67421e+09 20.1782 5.96462 0.240546
1.67421e+09 -0.203566 5.53744 0.185087
1.67421e+09 24.3324 -6.96394 0.27888
1.67421e+09 -7.48862 17.1128 0.251536
1.67421e+09 -8.45887 -14.2281 0.177503
1.67421e+09 15.7199 -20.5941 0.240069
1.67421e+09 2.18281 22.6709 0.238898
1.67421e+09 -9.12865 7.54701 0.197052
1.67421e+09 10.0219 23.3013 0.248178
1.67421e+09 -4.45424 -24.0905 0.269834
