1.67421e+09 4.9326 -5.88797 0.313861
1.67421e+09 7.45522 3.92249 0.261588
1.67421e+09 0.00797288 -8.27135 0.325829
1.67421e+09 14.8877 4.39933 0.240876
1.67421e+09 3.37683 -10.845 0.165039
1.67421e+09 -11.5067 -7.66162 0.298912
1.67421e+09 -6.67451 12.4837 0.294412
1.67421e+09 19.5106 -7.86934 0.290063
1.67421e+09 -2.49486 -8.27611 0.210963
1.67421e+09 0.621601 11.958 0.234498
1.67421e+09 3.59571 15.471 0.247601
1.67421e+09 -5.36495 6.81219 0.145621
1.67421e+09 -6.22586 -11.4688 0.149077
1.67421e+09 14.8408 -9.18865 0.154141
1.67421e+09 -10.7765 7.48253 0.193859
1.67421e+09 -0.616384 5.48554 0.126612
1.67421e+09 20.6067 15.8943 0.235974
