1.67421e+09 4.41251 8.81147 0.298839
1.67421e+09 2.08724 -12.1918 0.347069
1.67421e+09 9.33497 -7.54956 0.251192
1.67421e+09 -4.38791 6.88176 0.293666
1.67421e+09 15.9012 9.29036 0.30028
1.67421e+09 3.55747 13.6921 0.254145
1.67421e+09 11.8384 8.68492 0.192348
1.67421e+09 -8.47205 8.96511 0.237416
1.67421e+09 10.0225 -19.0003 0.308999
1.67421e+09 10.6605 13.5131 0.260654
1.67421e+09 -4.55713 12.0426 0.262494
1.67421e+09 17.6454 -7.6987 0.239187
1.67421e+09 -11.8896 -10.9387 0.243684
1.67421e+09 -3.2836 -10.6139 0.135651
1.67421e+09 8.36187 -18.3783 0.196146
1.67421e+09 -3.37839 21.7117 0.271277
1.67421e+09 22.9583 7.11482 0.198896
1.67421e+09 26.3523 10.3692 0.284691
