1.67421e+09 9.73293 -6.40738 0.356777
1.67421e+09 -1.14571 -5.77107 0.251244
1.67421e+09 5.97702 -10.2451 0.240277
1.67421e+09 6.29019 4.82864 0.149056
1.67421e+09 11.409 4.80737 0.196048
1.67421e+09 2.11878 5.53322 0.100545
1.67421e+09 -6.87665 -11.5933 0.248677
1.67421e+09 8.82359 -21.661 0.20471
1.67421e+09 5.43886 15.6816 0.273899
1.67421e+09 15.4802 5.82286 0.208031
1.67421e+09 -9.48555 10.9957 0.212194
1.67421e+09 0.000790914 8.23172 0.167154
1.67421e+09 -5.99774 14.8018 0.238037
1.67421e+09 1.9759 -14.0748 0.177073
1.67421e+09 -10.5816 6.7123 0.196174
1.67421e+09 -4.98325 -17.594 0.316684
1.67421e+09 16.9517 16.3173 0.238119
1.67421e+09 19.491 10.8884 0.269963
