1.67421e+09 4.03137 8.85896 0.332066
1.67421e+09 -4.81818 6.89998 0.287718
1.67421e+09 -0.651701 -6.42698 0.345309
1.67421e+09 1.57013 -12.1515 0.331477
1.67421e+09 15.5022 9.31761 0.292455
1.67421e+09 11.4957 8.75303 0.221678
1.67421e+09 9.5628 -18.9841 0.305794
1.67421e+09 3.13822 13.7113 0.249344
1.67421e+09 10.2304 13.5203 0.257961
1.67421e+09 -5.01038 12.1448 0.28415
1.67421e+09 -8.90725 9.02005 0.229025
1.67421e+09 17.1237 -7.70059 0.216255
1.67421e+09 7.87897 -18.3707 0.193211
1.67421e+09 -3.68861 -10.5088 0.156351
1.67421e+09 -3.80798 21.7131 0.243428
1.67421e+09 22.4782 7.10971 0.192538
1.67421e+09 29.3284 6.45662 0.242825
1.67421e+09 0.881069 -12.5956 0.167963
1.67421e+09 25.8321 10.3367 0.257285
