1.67421e+09 11.2634 -6.54229 0.338888
1.67421e+09 0.337877 -5.82546 0.235531
1.67421e+09 7.55392 -10.4102 0.265774
1.67421e+09 7.82308 4.66478 0.149505
1.67421e+09 12.9663 4.63737 0.189456
1.67421e+09 3.69691 5.41699 0.0951471
1.67421e+09 -5.48391 -11.6606 0.254608
1.67421e+09 1.56634 8.15061 0.174724
1.67421e+09 7.07684 15.5891 0.306995
1.67421e+09 -3.63982 -17.6437 0.320793
1.67421e+09 -4.39355 14.7891 0.244818
1.67421e+09 -8.98174 6.68637 0.165446
1.67421e+09 3.30579 -14.2358 0.195788
1.67421e+09 10.5937 12.0025 0.211282
1.67421e+09 18.5832 16.1302 0.244427
