1.67421e+09 7.9066 -6.21396 0.334144
1.67421e+09 4.14508 -10.1019 0.255539
1.67421e+09 -2.95724 -5.64975 0.237306
1.67421e+09 13.3149 -9.08411 0.298112
1.67421e+09 9.56556 5.00944 0.204952
1.67421e+09 13.6936 6.06192 0.18943
1.67421e+09 -6.35569 4.50398 0.153485
1.67421e+09 0.344503 5.69399 0.103249
1.67421e+09 3.56584 15.8472 0.294145
1.67421e+09 7.02709 12.2373 0.220503
1.67421e+09 -1.9071 8.35997 0.178036
1.67421e+09 -8.63473 -11.5172 0.235384
1.67421e+09 8.17882 -23.0158 0.29918
1.67421e+09 24.835 -9.33864 0.337055
1.67421e+09 17.6338 11.0913 0.248985
1.67421e+09 -7.89147 14.8933 0.251172
1.67421e+09 -11.4042 11.0256 0.22703
1.67421e+09 0.0644264 -13.8898 0.142788
1.67421e+09 9.69726 6.85031 0.112876
1.67421e+09 -12.3568 6.76384 0.152536
1.67421e+09 10.7457 23.0259 0.233835
1.67421e+09 -6.13254 22.9402 0.307153
