1.67421e+09 3.73463 -8.44559 0.359459
1.67421e+09 8.68755 -5.83789 0.251359
1.67421e+09 -7.915 -7.70255 0.264656
1.67421e+09 11.4738 3.78294 0.26106
1.67421e+09 4.2401 11.8199 0.267952
1.67421e+09 1.18789 -8.46842 0.190562
1.67421e+09 -7.21346 7.32425 0.210034
1.67421e+09 18.9584 4.22191 0.240251
1.67421e+09 2.93577 5.39727 0.0975324
1.67421e+09 7.14368 -10.9691 0.204736
1.67421e+09 7.24016 15.3315 0.24169
1.67421e+09 -2.5306 -11.6223 0.160543
1.67421e+09 -1.67011 6.68822 0.100422
1.67421e+09 -16.8208 -8.50072 0.232357
