1.67421e+09 0.697092 -5.8851 0.224625
1.67421e+09 11.7208 -6.62921 0.334127
1.67421e+09 7.97447 -10.4605 0.256832
1.67421e+09 4.1232 5.3546 0.114573
1.67421e+09 8.29395 4.6027 0.162204
1.67421e+09 1.99983 8.10948 0.175507
1.67421e+09 13.4103 4.55114 0.191457
1.67421e+09 -5.11837 -11.6836 0.257056
1.67421e+09 -8.56122 6.6755 0.166519
1.67421e+09 -7.53623 10.9016 0.218631
1.67421e+09 -3.27518 -17.6584 0.303646
1.67421e+09 10.9291 11.883 0.247461
1.67421e+09 3.68071 -14.2416 0.163091
1.67421e+09 -3.95009 14.7823 0.249887
1.67421e+09 21.5222 10.5864 0.280329
1.67421e+09 19.0174 16.0392 0.248344
1.67421e+09 -2.04866 22.7541 0.275339
1.67421e+09 10.6152 -21.9376 0.23295
