1.67421e+09 0.415271 -5.76418 0.325838
1.67421e+09 1.96875 5.56426 0.200725
1.67421e+09 5.71733 -8.43812 0.308987
1.67421e+09 6.03042 6.59608 0.227551
1.67421e+09 -3.12064 5.56054 0.148627
1.67421e+09 17.4022 -8.6534 0.348501
1.67421e+09 -3.24692 -9.63203 0.252639
1.67421e+09 17.6256 3.53802 0.271815
1.67421e+09 10.0238 11.7126 0.265338
1.67421e+09 -0.595434 12.7723 0.249177
1.67421e+09 -4.10558 16.3067 0.282283
1.67421e+09 -10.5994 -5.14267 0.235358
1.67421e+09 1.40696 -8.74653 0.119669
1.67421e+09 11.2016 -12.1055 0.169619
1.67421e+09 7.84804 -17.8947 0.189751
1.67421e+09 24.6278 3.91195 0.268705
1.67421e+09 -9.45853 8.75323 0.15662
1.67421e+09 17.3335 11.5925 0.261015
1.67421e+09 -7.37461 -13.4796 0.189482
1.67421e+09 -14.4056 -17.1436 0.286139
1.67421e+09 2.08739 7.38681 0.109606
1.67421e+09 14.8573 -8.76555 0.168404
1.67421e+09 11.5205 6.06608 0.101074
1.67421e+09 -16.2969 -11.1385 0.268281
1.67421e+09 -7.21958 6.1414 0.132063
1.67421e+09 20.1724 15.2007 0.246986
1.67421e+09 -9.07542 5.50825 0.149852
