1.67421e+09 -6.5344 -7.88068 0.323613
1.67421e+09 8.53919 4.67904 0.250071
1.67421e+09 -5.81703 4.18673 0.273194
1.67421e+09 12.766 -7.65577 0.326946
1.67421e+09 8.1392 -8.90491 0.145157
1.67421e+09 -5.68105 12.3009 0.251432
1.67421e+09 -2.66748 15.7684 0.237203
1.67421e+09 13.6493 6.54482 0.176058
1.67421e+09 7.53053 6.4525 0.0941837
1.67421e+09 -8.8983 -7.91881 0.140789
1.67421e+09 12.7891 -17.236 0.165568
1.67421e+09 14.353 16.1864 0.253149
1.67421e+09 -12.9363 12.8989 0.316816
1.67421e+09 16.1463 -14.9782 0.178724
1.67421e+09 10.2176 -8.55452 0.120345
1.67421e+09 9.07818 7.00122 0.146714
1.67421e+09 22.819 5.42679 0.219472
1.67421e+09 2.73572 -15.7226 0.145346
1.67421e+09 -16.3308 -16.7203 0.225867
