1.67421e+09 9.38244 -6.36975 0.347524
1.67421e+09 -1.49307 -5.74579 0.2389
1.67421e+09 5.63457 -10.2181 0.248795
1.67421e+09 5.93258 4.82673 0.125015
1.67421e+09 11.0425 4.83717 0.19251
1.67421e+09 1.77049 5.56632 0.12407
1.67421e+09 14.6573 -9.15219 0.293481
1.67421e+09 -7.18495 -11.5779 0.269525
1.67421e+09 15.1886 5.89596 0.184466
1.67421e+09 -9.82605 11.0319 0.211866
1.67421e+09 8.58047 12.1254 0.233657
1.67421e+09 -0.349151 8.26431 0.171719
1.67421e+09 9.62111 -23.0706 0.254456
1.67421e+09 16.6168 16.3569 0.233375
1.67421e+09 -0.0519336 5.08491 0.0798463
1.67421e+09 -10.8847 6.71688 0.165832
1.67421e+09 19.1277 10.9325 0.255242
1.67421e+09 11.1404 6.65893 0.176424
1.67421e+09 1.6788 -14.018 0.154931
