1.67421e+09 7.91862 -10.6558 0.320909
1.67421e+09 2.77863 5.42825 0.186641
1.67421e+09 8.27776 5.68441 0.279921
1.67421e+09 8.2144 11.1472 0.213345
1.67421e+09 15.724 -11.8451 0.259542
1.67421e+09 -6.50682 7.30094 0.156273
1.67421e+09 22.8733 6.21595 0.252142
1.67421e+09 -11.6103 5.8435 0.261284
1.67421e+09 -4.60873 16.9165 0.249721
1.67421e+09 -5.49037 -14.4313 0.18073
1.67421e+09 4.56083 22.6225 0.236898
1.67421e+09 -13.3836 20.6811 0.301667
1.67421e+09 5.21622 -26.3075 0.231983
1.67421e+09 18.6025 -20.514 0.250117
1.67421e+09 18.3074 8.86435 0.212811
1.67421e+09 -1.32233 -24.1353 0.221068
