1.67421e+09 -6.80859 4.7971 0.303937
1.67421e+09 20.7336 -10.2568 0.326254
1.67421e+09 5.63123 6.86508 0.165458
1.67421e+09 14.635 5.54794 0.196263
1.67421e+09 1.88417 -8.24388 0.135837
1.67421e+09 20.1357 6.20561 0.294858
1.67421e+09 6.59241 16.5065 0.232337
1.67421e+09 -0.20117 -8.48809 0.111282
1.67421e+09 -9.62285 -17.87 0.215484
1.67421e+09 -13.4572 13.0321 0.242861
1.67421e+09 19.7955 11.5963 0.196487
1.67421e+09 -10.3836 16.4281 0.214569
1.67421e+09 -0.340792 6.97426 0.0941249
1.67421e+09 -2.08625 19.7268 0.262605
1.67421e+09 15.4568 22.7473 0.218381
1.67421e+09 -11.82 -9.83867 0.158002
1.67421e+09 6.49227 23.1315 0.244955
