1.67421e+09 6.42502 -6.10903 0.329099
1.67421e+09 -4.42791 -5.5867 0.232878
1.67421e+09 2.71319 -9.99681 0.256666
1.67421e+09 8.04211 5.10656 0.2077
1.67421e+09 11.7401 -8.85317 0.282084
1.67421e+09 5.46324 12.3564 0.242334
1.67421e+09 12.1716 6.20011 0.195356
1.67421e+09 2.87137 5.14532 0.115029
1.67421e+09 -3.43414 8.39404 0.151182
1.67421e+09 -1.18115 5.81305 0.124883
1.67421e+09 2.04566 15.8659 0.23736
1.67421e+09 -3.06276 5.23628 0.0944545
1.67421e+09 -7.83399 4.54696 0.148556
1.67421e+09 16.0976 11.2657 0.264479
1.67421e+09 -10.051 -11.4561 0.25901
1.67421e+09 13.4992 16.675 0.237828
1.67421e+09 23.7356 3.17349 0.268442
1.67421e+09 23.4053 -9.13341 0.325383
1.67421e+09 -8.33384 -17.4306 0.313661
1.67421e+09 8.15639 6.96736 0.134632
1.67421e+09 -1.36518 -13.8191 0.154923
1.67421e+09 7.37438 -9.21171 0.143994
1.67421e+09 9.10334 23.1294 0.230755
