1.67421e+09 1.69703 -5.7638 0.324416
1.67421e+09 3.28782 5.50143 0.187156
1.67421e+09 7.14518 -8.44126 0.291637
1.67421e+09 7.31905 6.55597 0.216914
1.67421e+09 -1.88203 -9.67058 0.248891
1.67421e+09 -1.75224 5.45525 0.137536
1.67421e+09 18.7249 -8.64058 0.344258
1.67421e+09 11.2988 11.687 0.242685
1.67421e+09 0.695522 12.7314 0.245663
1.67421e+09 -9.26442 -5.21842 0.228207
1.67421e+09 18.9354 3.58362 0.261626
1.67421e+09 -2.82062 16.292 0.307568
1.67421e+09 3.41879 7.36344 0.135869
1.67421e+09 -13.0514 -17.1925 0.303765
1.67421e+09 12.5437 -12.0903 0.196387
1.67421e+09 9.35452 -17.8987 0.213345
1.67421e+09 16.2134 -8.58173 0.193116
1.67421e+09 25.9166 3.93572 0.267336
1.67421e+09 18.5378 11.5005 0.255311
1.67421e+09 -14.9022 -11.2101 0.239307
1.67421e+09 8.6654 17.146 0.267429
1.67421e+09 -5.92341 6.11411 0.100056
1.67421e+09 -6.03687 -13.557 0.174246
1.67421e+09 -8.15227 8.6992 0.159447
1.67421e+09 21.4301 15.1569 0.251512
1.67421e+09 -12.6448 23.2205 0.294407
