1.67421e+09 4.34719 -8.48541 0.351693
1.67421e+09 9.2529 -6.04225 0.30261
1.67421e+09 -7.24225 -7.75497 0.245963
1.67421e+09 12.0933 3.75258 0.26545
1.67421e+09 4.86787 11.7525 0.295812
1.67421e+09 1.83911 -8.50025 0.182961
1.67421e+09 -6.59059 7.25352 0.210409
1.67421e+09 19.5785 4.21307 0.230393
1.67421e+09 7.77776 -11.0177 0.164738
1.67421e+09 3.62412 5.35739 0.114866
1.67421e+09 -1.02377 6.58504 0.136952
1.67421e+09 -12.4694 -4.84934 0.316184
1.67421e+09 25.0507 15.6272 0.189908
1.67421e+09 7.86773 15.2809 0.257768
1.67421e+09 -2.35988 12.2348 0.253075
1.67421e+09 -1.82235 -11.6967 0.154721
