1.67421e+09 3.55001 5.42654 0.192774
1.67421e+09 8.66359 -10.6515 0.297042
1.67421e+09 9.04726 5.70303 0.291927
1.67421e+09 -7.57607 -6.82634 0.259632
1.67421e+09 8.96326 11.1355 0.216583
1.67421e+09 -5.78582 7.28414 0.144316
1.67421e+09 16.513 -11.8402 0.249695
1.67421e+09 -3.85041 16.9217 0.256957
1.67421e+09 -10.8597 5.82529 0.259036
1.67421e+09 -4.72988 -14.4808 0.227495
1.67421e+09 23.6463 6.26127 0.21669
1.67421e+09 -3.49624 23.5811 0.24865
1.67421e+09 5.34122 22.6297 0.22975
1.67421e+09 13.1472 23.3986 0.264976
1.67421e+09 5.92197 -26.3116 0.237181
