1.67421e+09 4.62771 -5.77518 0.273131
1.67421e+09 7.11559 3.93964 0.262831
1.67421e+09 14.5574 4.41956 0.24776
1.67421e+09 3.03253 -10.8129 0.161152
1.67421e+09 -7.00128 12.5077 0.291553
1.67421e+09 19.1872 -7.81694 0.294337
1.67421e+09 -2.86313 -8.24942 0.189932
1.67421e+09 3.25466 15.4568 0.221054
1.67421e+09 -5.64896 6.82032 0.130131
1.67421e+09 -6.56579 -11.449 0.153803
1.67421e+09 14.4975 -9.15607 0.157806
1.67421e+09 -11.0971 7.50525 0.180859
1.67421e+09 8.88702 -16.0328 0.152615
1.67421e+09 20.283 15.9333 0.25362
1.67421e+09 9.30697 23.7677 0.250397
