1.67421e+09 -5.4542 5.43193 0.276544
1.67421e+09 14.0988 -10.7134 0.313093
1.67421e+09 14.1394 5.68105 0.305681
1.67421e+09 8.65265 5.32054 0.206479
1.67421e+09 13.9984 11.1418 0.203527
1.67421e+09 -0.24213 6.95842 0.113536
1.67421e+09 0.992552 16.6246 0.235646
1.67421e+09 -6.95283 -8.10851 0.106786
1.67421e+09 21.9813 -11.7486 0.273685
1.67421e+09 0.782003 -14.705 0.202763
1.67421e+09 5.04964 -24.3874 0.237229
1.67421e+09 10.054 22.5116 0.23105
1.67421e+09 -4.82047 7.75429 0.191804
1.67421e+09 -4.78778 -7.95194 0.109972
1.67421e+09 -7.51875 20.2489 0.300914
1.67421e+09 17.8538 23.4025 0.258187
1.67421e+09 -6.31709 7.29916 0.0997015
1.67421e+09 5.27542 20.167 0.165696
