1.67421e+09 -7.54638 -5.09935 0.269499
1.67421e+09 6.53126 -7.3912 0.291261
1.67421e+09 1.90172 -8.6298 0.136598
1.67421e+09 7.6422 6.75665 0.134099
1.67421e+09 16.6934 5.55204 0.20437
1.67421e+09 -12.5856 -7.38586 0.308431
1.67421e+09 4.05483 -8.30712 0.127095
1.67421e+09 22.1901 6.23348 0.301122
1.67421e+09 3.19825 7.26035 0.1053
1.67421e+09 -11.5073 12.7603 0.22486
1.67421e+09 -8.46541 16.2158 0.230531
1.67421e+09 -9.28256 -10.0519 0.175994
1.67421e+09 21.7737 11.6132 0.201633
1.67421e+09 1.66568 6.8045 0.0682917
1.67421e+09 6.49824 -16.9271 0.150972
1.67421e+09 -7.36687 -18.1248 0.226696
1.67421e+09 9.82286 -14.732 0.230003
1.67421e+09 8.39154 23.0383 0.253112
1.67421e+09 -18.7477 13.4408 0.300593
1.67421e+09 17.3108 22.7218 0.235459
