1.67421e+09 8.72584 3.68786 0.239126
1.67421e+09 8.22 -8.43657 0.33083
1.67421e+09 -3.32406 -8.01759 0.25253
1.67421e+09 13.0942 -5.93288 0.311351
1.67421e+09 -3.00315 7.09182 0.229775
1.67421e+09 5.75146 -8.52353 0.145282
1.67421e+09 15.7808 3.95058 0.263161
1.67421e+09 8.66311 11.8022 0.264628
1.67421e+09 1.9711 -11.7628 0.165752
1.67421e+09 1.13172 12.0962 0.256283
1.67421e+09 -7.05297 6.11459 0.208839
1.67421e+09 -12.3711 -8.96063 0.223907
1.67421e+09 11.6625 -10.9294 0.176857
1.67421e+09 -1.38267 17.5938 0.250222
1.67421e+09 -9.43843 13.4002 0.287989
1.67421e+09 23.2324 4.50487 0.240594
1.67421e+09 14.1164 -18.9071 0.217735
