1.67421e+09 7.22521 4.76162 0.252222
1.67421e+09 -7.8609 -7.75852 0.310438
1.67421e+09 11.2976 -7.47879 0.24405
1.67421e+09 -7.12033 4.28905 0.265791
1.67421e+09 6.78151 -8.82756 0.145614
1.67421e+09 8.995 -8.4468 0.141431
1.67421e+09 12.3617 6.57805 0.150559
1.67421e+09 -6.93021 12.3985 0.222252
1.67421e+09 6.25415 6.58312 0.09688
1.67421e+09 11.4687 -17.1516 0.156853
1.67421e+09 -3.91059 15.8848 0.221253
1.67421e+09 -4.38235 -10.3688 0.142027
1.67421e+09 -10.1878 -7.78139 0.169075
1.67421e+09 7.82627 7.06417 0.128352
1.67421e+09 13.0474 16.275 0.25141
1.67421e+09 21.3497 5.54396 0.216125
1.67421e+09 26.7673 6.25466 0.320139
