1.67421e+09 2.33729 6.44079 0.279935
1.67421e+09 6.44516 -6.72031 0.295323
1.67421e+09 11.0878 8.33869 0.289844
1.67421e+09 9.35565 -12.6768 0.318871
1.67421e+09 -1.73781 8.63396 0.209181
1.67421e+09 2.22891 11.6409 0.25632
1.67421e+09 10.327 13.2462 0.248575
1.67421e+09 -12.0271 6.41612 0.273212
1.67421e+09 -5.07744 -11.3984 0.236481
1.67421e+09 -12.8387 -9.8885 0.295447
1.67421e+09 18.6058 8.28983 0.219919
1.67421e+09 22.6761 8.86261 0.277845
1.67421e+09 -11.939 11.8968 0.242557
1.67421e+09 5.73994 -22.6444 0.241728
1.67421e+09 7.79412 -13.0809 0.142211
