1.67421e+09 11.4816 -6.56337 0.304161
1.67421e+09 0.534237 -5.84987 0.233044
1.67421e+09 7.77856 -10.4329 0.253085
1.67421e+09 8.03691 4.64066 0.125972
1.67421e+09 3.92233 5.40835 0.118476
1.67421e+09 13.1842 4.59445 0.177002
1.67421e+09 -5.28887 -11.6786 0.262025
1.67421e+09 1.7838 8.15423 0.19288
1.67421e+09 7.30659 15.5325 0.286077
1.67421e+09 -3.45243 -17.6454 0.312829
1.67421e+09 -8.74927 6.69541 0.169498
1.67421e+09 3.52233 -14.2485 0.203046
1.67421e+09 10.8098 11.9691 0.253546
1.67421e+09 -7.76131 10.9193 0.250392
1.67421e+09 18.8065 16.0908 0.241517
1.67421e+09 21.325 10.6246 0.310136
1.67421e+09 -21.6198 -13.7232 0.265502
