1.67421e+09 2.72811 -8.34451 0.333297
1.67421e+09 10.1313 3.84518 0.257428
1.67421e+09 -8.86851 -7.67108 0.264329
1.67421e+09 17.9529 4.30575 0.235815
1.67421e+09 3.30096 11.901 0.261497
1.67421e+09 6.13257 -10.9341 0.179198
1.67421e+09 0.259731 -8.40267 0.239233
1.67421e+09 -8.17398 7.37933 0.20333
1.67421e+09 1.92126 5.49448 0.10571
1.67421e+09 -4.00539 12.3944 0.295744
1.67421e+09 -3.48733 -11.5648 0.152083
1.67421e+09 -6.94828 -17.2615 0.236171
1.67421e+09 -2.64848 6.69326 0.149134
1.67421e+09 6.22633 15.3394 0.235602
1.67421e+09 23.276 15.837 0.235279
