1.67421e+09 3.02291 -12.2471 0.286047
1.67421e+09 5.37711 8.80387 0.324502
1.67421e+09 -3.50671 6.82798 0.294356
1.67421e+09 0.698389 -6.43441 0.302172
1.67421e+09 16.7817 9.24877 0.285864
1.67421e+09 12.8348 8.67059 0.197901
1.67421e+09 -7.54092 8.89208 0.211064
1.67421e+09 4.43156 13.6344 0.247153
1.67421e+09 10.9234 -19.0332 0.306407
1.67421e+09 -3.68588 12.0673 0.287853
1.67421e+09 11.5432 13.4694 0.260294
1.67421e+09 -2.40667 -10.6853 0.151148
1.67421e+09 18.4541 -7.73605 0.225223
1.67421e+09 -11.0049 -11.0029 0.248594
1.67421e+09 3.18705 -15.5996 0.198338
1.67421e+09 23.815 7.08299 0.201703
1.67421e+09 27.2569 10.3255 0.268743
