1.67421e+09 -5.81517 4.70988 0.317973
1.67421e+09 5.51353 -7.33097 0.288515
1.67421e+09 -8.61739 -5.03849 0.309325
1.67421e+09 6.69021 6.83094 0.150894
1.67421e+09 21.0915 6.2452 0.334158
1.67421e+09 15.7751 5.61407 0.207078
1.67421e+09 7.5364 16.4926 0.244313
1.67421e+09 3.02675 -8.27775 0.150063
1.67421e+09 -10.3502 -9.97899 0.139572
1.67421e+09 0.924691 -8.57286 0.138425
1.67421e+09 -9.45119 16.3434 0.248065
1.67421e+09 5.52619 -16.9442 0.178587
1.67421e+09 20.8331 11.669 0.213873
1.67421e+09 -12.4988 12.89 0.253523
1.67421e+09 0.671325 6.91221 0.104888
1.67421e+09 -8.41934 -17.9735 0.184328
1.67421e+09 16.3837 22.7859 0.235107
