1.67421e+09 -3.41975 -7.06224 0.305296
1.67421e+09 -6.51907 5.53959 0.274014
1.67421e+09 7.5569 5.27461 0.199902
1.67421e+09 13.0671 5.60349 0.296527
1.67421e+09 12.824 -10.8753 0.30468
1.67421e+09 12.9392 11.0369 0.208683
1.67421e+09 -1.34124 7.02972 0.131477
1.67421e+09 7.47778 -19.2558 0.254756
1.67421e+09 0.029333 16.6696 0.222286
1.67421e+09 -0.558232 -14.689 0.210471
1.67421e+09 20.7299 -11.9303 0.307023
1.67421e+09 -6.00949 -7.8998 0.141535
1.67421e+09 -5.8295 7.79814 0.130089
1.67421e+09 -8.42707 20.4 0.293825
1.67421e+09 9.16463 22.4902 0.238261
1.67421e+09 3.6995 -24.3772 0.252816
1.67421e+09 -8.20599 -8.00906 0.127795
1.67421e+09 16.9354 23.2905 0.247909
