1.67421e+09 1.41699 -6.00274 0.255146
1.67421e+09 12.458 -6.72507 0.336654
1.67421e+09 2.80028 7.99945 0.196603
1.67421e+09 8.66983 -10.5423 0.258408
1.67421e+09 -4.39665 -11.7235 0.270066
1.67421e+09 9.09545 4.48478 0.135837
1.67421e+09 14.282 4.44659 0.222308
1.67421e+09 4.99583 5.25289 0.122254
1.67421e+09 8.41038 15.4387 0.304142
1.67421e+09 -7.75043 6.67179 0.186782
1.67421e+09 -6.62318 10.946 0.197832
1.67421e+09 -2.58037 -17.6841 0.330347
1.67421e+09 -3.06117 14.7844 0.257821
1.67421e+09 4.37992 -14.3321 0.188975
1.67421e+09 3.35148 11.0517 0.149941
1.67421e+09 11.7662 11.7211 0.24402
