1.67421e+09 10.7445 -8.43582 0.347086
1.67421e+09 -0.720211 -8.23764 0.30013
1.67421e+09 11.1007 3.70321 0.25291
1.67421e+09 -4.81211 5.97133 0.229194
1.67421e+09 3.64145 12.0141 0.263847
1.67421e+09 15.6641 -5.89358 0.314296
1.67421e+09 4.54544 -11.8211 0.198212
1.67421e+09 8.20742 -8.45637 0.168575
1.67421e+09 10.9437 11.8117 0.267863
1.67421e+09 18.1536 4.04531 0.26116
1.67421e+09 5.05382 6.3459 0.143838
1.67421e+09 -7.26963 13.1863 0.29414
1.67421e+09 1.08115 17.4707 0.26296
1.67421e+09 -5.20025 -8.35947 0.135646
1.67421e+09 25.6521 4.65979 0.236585
