1.67421e+09 3.38431 5.64034 0.294082
1.67421e+09 2.44343 -10.7547 0.332925
1.67421e+09 -2.50548 5.59705 0.181069
1.67421e+09 10.2131 -12.081 0.292316
1.67421e+09 17.924 5.7644 0.248461
1.67421e+09 13.4772 8.20985 0.239025
1.67421e+09 13.0916 -20.7594 0.241369
1.67421e+09 -11.0836 -14.0757 0.201093
1.67421e+09 -9.57699 17.3045 0.272897
1.67421e+09 -0.243326 22.7232 0.246997
1.67421e+09 6.65278 17.5667 0.190357
1.67421e+09 -9.12679 23.8924 0.288392
1.67421e+09 7.93994 23.2491 0.290693
1.67421e+09 -14.6035 -15.8496 0.192988
