1.67421e+09 5.63356 -7.42987 0.27666
1.67421e+09 12.3483 9.43627 0.326962
1.67421e+09 8.32606 8.85458 0.182772
1.67421e+09 7.14701 13.6568 0.254181
1.67421e+09 6.27662 -18.8644 0.321576
1.67421e+09 14.9625 -13.2194 0.276647
1.67421e+09 -7.89218 7.08525 0.259652
1.67421e+09 -8.08089 12.3882 0.312549
1.67421e+09 13.941 -7.55542 0.202328
1.67421e+09 0.0700168 13.8962 0.249283
1.67421e+09 19.3984 7.185 0.20324
1.67421e+09 4.65172 -18.1988 0.193422
1.67421e+09 22.7073 10.4202 0.279548
1.67421e+09 26.2576 6.51621 0.245315
1.67421e+09 7.51401 -17.5672 0.166379
1.67421e+09 -6.82747 21.9656 0.264821
