1.67421e+09 -2.23462 5.23943 0.263066
1.67421e+09 2.79921 6.83961 0.126309
1.67421e+09 11.9174 5.48001 0.250324
1.67421e+09 17.328 5.958 0.300863
1.67421e+09 -9.60777 5.04293 0.271356
1.67421e+09 4.37742 -14.801 0.201583
1.67421e+09 3.92131 16.5523 0.23817
1.67421e+09 17.1104 11.4275 0.21355
1.67421e+09 -4.65557 19.9516 0.305458
1.67421e+09 -3.31522 -8.35904 0.110852
1.67421e+09 -12.8736 -17.5689 0.197919
1.67421e+09 12.8435 22.6568 0.242013
1.67421e+09 -1.55119 7.52816 0.0931763
1.67421e+09 9.07363 -24.3775 0.26906
1.67421e+09 -16.1774 13.3979 0.228939
1.67421e+09 -13.0368 16.7725 0.209588
1.67421e+09 20.6122 23.7333 0.238499
