1.67421e+09 7.35609 -7.40559 0.272626
1.67421e+09 2.67381 8.91222 0.300398
1.67421e+09 -6.14998 6.97496 0.28241
1.67421e+09 0.267702 -12.2265 0.340854
1.67421e+09 14.172 9.34519 0.29893
1.67421e+09 10.0759 8.72321 0.192392
1.67421e+09 8.14636 -18.94 0.305061
1.67421e+09 -6.34964 12.225 0.28268
1.67421e+09 8.89627 13.5554 0.252363
1.67421e+09 1.8162 13.7786 0.252698
1.67421e+09 -10.2687 9.13485 0.237903
1.67421e+09 15.7697 -7.68043 0.222804
1.67421e+09 21.1559 7.12172 0.212292
1.67421e+09 6.50095 -18.2664 0.174731
1.67421e+09 -2.78315 -22.3731 0.283302
1.67421e+09 -1.05311 -12.4706 0.162116
1.67421e+09 24.4171 10.3391 0.258551
1.67421e+09 27.9836 6.44356 0.256168
1.67421e+09 -5.11792 21.7948 0.247799
