1.67421e+09 4.73817 -7.34303 0.283931
1.67421e+09 -6.47457 4.76569 0.306929
1.67421e+09 5.99202 6.84265 0.18382
1.67421e+09 21.2907 -10.2821 0.318823
1.67421e+09 15.0329 5.57947 0.211419
1.67421e+09 2.25628 -8.26363 0.109037
1.67421e+09 20.5489 6.24984 0.315975
1.67421e+09 6.91135 16.4949 0.230923
1.67421e+09 20.1719 11.6282 0.208232
1.67421e+09 0.194213 -8.50392 0.111296
1.67421e+09 -10.0866 16.3958 0.238306
1.67421e+09 -13.1554 12.9972 0.272461
1.67421e+09 7.92816 -14.7864 0.197011
1.67421e+09 -9.26671 -17.9205 0.208632
1.67421e+09 6.55829e-05 6.96136 0.0982821
1.67421e+09 -1.74552 19.7177 0.283276
1.67421e+09 15.7697 22.768 0.22993
1.67421e+09 6.82507 23.1197 0.233649
1.67421e+09 -20.377 13.6958 0.313383
