1.67421e+09 7.14543 5.6148 0.2845
1.67421e+09 1.66093 5.41698 0.187726
1.67421e+09 6.5928 -10.7081 0.300262
1.67421e+09 7.14992 11.0857 0.220797
1.67421e+09 14.5072 -11.9901 0.278544
1.67421e+09 21.6955 6.01698 0.237978
1.67421e+09 17.2801 8.50223 0.229863
1.67421e+09 -5.98819 16.9846 0.249872
1.67421e+09 -6.81593 -14.3832 0.190979
1.67421e+09 -7.58521 7.36995 0.131728
1.67421e+09 17.392 -20.6097 0.250912
1.67421e+09 3.58689 22.5814 0.241668
1.67421e+09 11.4256 23.2704 0.237395
1.67421e+09 -14.3505 20.8368 0.303851
1.67421e+09 3.81996 -26.2909 0.204334
1.67421e+09 -2.73921 -24.0977 0.206735
