1.67421e+09 10.7454 -6.49683 0.342554
1.67421e+09 -0.158278 -5.81051 0.238945
1.67421e+09 7.07471 -10.3529 0.25145
1.67421e+09 12.4423 4.68867 0.176988
1.67421e+09 7.36395 4.72837 0.133937
1.67421e+09 3.21035 5.47076 0.0994616
1.67421e+09 -5.9452 -11.5877 0.261154
1.67421e+09 6.52748 15.5918 0.28598
1.67421e+09 1.06224 8.22664 0.20295
1.67421e+09 18.0346 -18.7813 0.189551
1.67421e+09 2.89013 -14.1278 0.160045
1.67421e+09 -9.48221 6.72164 0.175195
1.67421e+09 -4.0891 -17.5925 0.301994
1.67421e+09 10.9529 -23.2147 0.278024
1.67421e+09 18.056 16.2017 0.245786
1.67421e+09 10.0715 12.0408 0.212177
