1.67421e+09 -6.14054 5.51713 0.273542
1.67421e+09 13.2556 -10.751 0.317336
1.67421e+09 7.94134 5.2768 0.208829
1.67421e+09 13.4073 5.56383 0.326111
1.67421e+09 13.3138 11.0439 0.211046
1.67421e+09 -0.952925 6.95611 0.137084
1.67421e+09 0.401519 16.6531 0.232439
1.67421e+09 4.11043 -24.4099 0.259977
1.67421e+09 -5.68846 -7.986 0.182417
1.67421e+09 -0.130311 -14.6896 0.190426
1.67421e+09 -7.80745 -8.03235 0.115331
1.67421e+09 21.1649 -11.903 0.291912
1.67421e+09 -5.44127 7.72024 0.141203
1.67421e+09 9.50828 22.4571 0.227313
1.67421e+09 17.2869 23.2956 0.246064
1.67421e+09 4.68621 20.1813 0.153246
1.67421e+09 -19.7914 14.2722 0.269504
