1.67421e+09 3.50881 -8.36518 0.303206
1.67421e+09 3.8743 6.68384 0.234036
1.67421e+09 -0.114044 5.67057 0.208138
1.67421e+09 15.2052 -8.6119 0.330961
1.67421e+09 7.92153 11.7771 0.253897
1.67421e+09 15.4858 3.59348 0.253925
1.67421e+09 -5.45838 -9.50568 0.241916
1.67421e+09 -2.71335 12.8936 0.275336
1.67421e+09 -5.21349 5.65157 0.140621
1.67421e+09 22.4877 3.91305 0.269199
1.67421e+09 9.00121 -12.0447 0.169595
1.67421e+09 19.8573 -6.07317 0.330524
1.67421e+09 12.6791 -8.64905 0.142617
1.67421e+09 -6.15204 16.4089 0.276285
1.67421e+09 15.2201 11.6217 0.27167
1.67421e+09 9.33198 6.16464 0.121284
1.67421e+09 5.69412 -17.8104 0.214165
1.67421e+09 5.32041 17.2007 0.236473
1.67421e+09 -12.7387 -4.96231 0.21312
1.67421e+09 -0.749811 -8.6175 0.11387
1.67421e+09 -9.67333 -13.4205 0.221051
1.67421e+09 -11.8006 8.90675 0.159156
1.67421e+09 -18.471 -10.9696 0.271089
