1.67421e+09 5.46132 -6.05811 0.330506
1.67421e+09 -5.28983 -5.46955 0.147026
1.67421e+09 1.77574 -9.92983 0.249181
1.67421e+09 10.9732 -8.83828 0.319578
1.67421e+09 7.12603 5.16508 0.193994
1.67421e+09 1.98654 5.20597 0.14476
1.67421e+09 11.2194 6.23566 0.211653
1.67421e+09 -4.40217 8.47289 0.200785
1.67421e+09 1.1169 16.0086 0.305088
1.67421e+09 -2.10842 5.88125 0.133403
1.67421e+09 5.78123 -22.9072 0.297767
1.67421e+09 22.4655 -9.08901 0.320618
1.67421e+09 22.7877 3.18702 0.275209
1.67421e+09 -3.99323 5.28471 0.127856
1.67421e+09 7.22608 7.00651 0.121181
1.67421e+09 -9.2736 -17.3737 0.283065
1.67421e+09 4.5684 12.398 0.219166
1.67421e+09 6.45091 -9.08574 0.129744
1.67421e+09 -8.74043 4.57776 0.137286
1.67421e+09 12.5894 16.7331 0.241395
1.67421e+09 -2.33549 -13.7778 0.152308
1.67421e+09 22.4818 11.1677 0.255483
