1.67421e+09 9.89641 -6.3901 0.346833
1.67421e+09 -0.990165 -5.76287 0.240401
1.67421e+09 6.16777 -10.2441 0.23926
1.67421e+09 6.4319 4.81233 0.1433
1.67421e+09 11.5363 4.81679 0.202611
1.67421e+09 2.2684 5.56313 0.0959455
1.67421e+09 -6.73923 -11.6175 0.257379
1.67421e+09 0.123732 8.25285 0.188075
1.67421e+09 5.59225 15.7051 0.289176
1.67421e+09 -9.33078 10.9876 0.210707
1.67421e+09 15.6098 5.84359 0.191918
1.67421e+09 15.2379 -9.15749 0.291455
1.67421e+09 -5.90713 14.7611 0.258338
1.67421e+09 2.10509 -14.1068 0.194576
1.67421e+09 9.09904 -21.6663 0.175107
1.67421e+09 -10.3911 6.67978 0.156557
1.67421e+09 17.1316 16.3627 0.261913
1.67421e+09 19.6065 10.9121 0.241417
1.67421e+09 27.2015 2.71954 0.294678
