1.67421e+09 9.82811 -8.46038 0.348933
1.67421e+09 10.2064 3.68766 0.235683
1.67421e+09 14.5861 -5.76525 0.302728
1.67421e+09 -1.53381 7.01848 0.226973
1.67421e+09 -5.61974 6.0222 0.221316
1.67421e+09 7.30957 -8.4293 0.14147
1.67421e+09 2.82546 12.0188 0.248989
1.67421e+09 3.60586 -11.8125 0.168287
1.67421e+09 17.2605 3.99932 0.259818
1.67421e+09 -10.8308 -9.10279 0.236684
1.67421e+09 10.0787 11.7948 0.275545
1.67421e+09 4.20384 6.42487 0.098469
1.67421e+09 -8.07067 13.2665 0.285477
1.67421e+09 -6.20154 -8.31657 0.114553
1.67421e+09 24.7507 4.59766 0.235667
1.67421e+09 -5.44879 7.88041 0.130739
1.67421e+09 -0.0346103 17.5132 0.236598
