1.67421e+09 3.75937 -5.90841 0.324171
1.67421e+09 9.14852 -8.62017 0.315354
1.67421e+09 5.35466 5.33389 0.186029
1.67421e+09 9.4502 6.42118 0.216145
1.67421e+09 0.293513 5.30173 0.12919
1.67421e+09 -7.2479 -5.37362 0.217231
1.67421e+09 0.133066 -9.80304 0.231318
1.67421e+09 -3.89658 5.98633 0.132609
1.67421e+09 -6.12323 8.56141 0.166988
1.67421e+09 20.7831 -8.86673 0.342044
1.67421e+09 2.78332 12.5675 0.235534
1.67421e+09 -5.72585 5.40344 0.135363
1.67421e+09 4.07098 -22.7768 0.295004
1.67421e+09 5.48586 7.18372 0.140237
1.67421e+09 -12.9232 -11.3743 0.257542
1.67421e+09 13.378 11.5051 0.252559
1.67421e+09 20.969 3.40972 0.250596
1.67421e+09 4.76134 -8.94251 0.156902
1.67421e+09 -10.9831 -17.319 0.308643
1.67421e+09 14.5489 -12.3211 0.199951
1.67421e+09 10.7615 16.9147 0.230797
1.67421e+09 27.9688 3.68492 0.266136
1.67421e+09 -4.0151 -13.6602 0.151609
1.67421e+09 20.617 11.3448 0.216897
1.67421e+09 -8.40908 -9.03515 0.152558
1.67421e+09 -28.8248 -13.636 0.151006
1.67421e+09 3.03796 -21.239 0.152269
1.67421e+09 6.35946 23.3495 0.218028
