1.67421e+09 7.78169 3.88829 0.251765
1.67421e+09 0.354736 -8.27967 0.315852
1.67421e+09 15.2338 4.36192 0.242843
1.67421e+09 3.72303 -10.8783 0.194475
1.67421e+09 -11.1668 -7.65916 0.276133
1.67421e+09 -6.33382 12.4629 0.293327
1.67421e+09 19.9055 -7.90924 0.303127
1.67421e+09 -2.15133 -8.28953 0.160456
1.67421e+09 -5.00146 6.75035 0.125561
1.67421e+09 -5.89184 -11.4923 0.147174
1.67421e+09 -0.355487 5.43759 0.110859
1.67421e+09 -10.4638 7.46816 0.213584
1.67421e+09 -9.41892 -17.0706 0.211368
1.67421e+09 15.1917 -9.22577 0.171103
1.67421e+09 20.9765 15.8446 0.239061
1.67421e+09 9.94332 23.7102 0.234856
