1.67421e+09 -3.49211 -5.39578 0.283773
1.67421e+09 6.56323 4.80015 0.254763
1.67421e+09 -8.48636 -7.69781 0.291721
1.67421e+09 10.7228 -7.47294 0.260899
1.67421e+09 -7.74304 4.36569 0.26894
1.67421e+09 6.10072 -8.79675 0.142005
1.67421e+09 11.6956 6.62275 0.15423
1.67421e+09 8.21947 -8.42326 0.121179
1.67421e+09 -7.58904 12.4635 0.232641
1.67421e+09 12.4096 16.2911 0.244761
1.67421e+09 -4.57393 15.9304 0.225577
1.67421e+09 5.58059 6.62216 0.081372
1.67421e+09 -5.06674 -10.328 0.163449
1.67421e+09 7.15756 7.10217 0.107788
1.67421e+09 -14.8577 13.0591 0.298796
1.67421e+09 10.8878 -17.1391 0.161588
1.67421e+09 20.7265 5.59416 0.258795
1.67421e+09 -10.9694 -7.80266 0.19371
1.67421e+09 1.50821 24.1823 0.222656
