1.67421e+09 3.33352 -7.32812 0.295004
1.67421e+09 -6.3079 -6.11877 0.30856
1.67421e+09 6.00375 9.0187 0.183135
1.67421e+09 10.0871 9.64764 0.304438
1.67421e+09 -3.79874 -11.9694 0.34526
1.67421e+09 4.79408 13.8326 0.257563
1.67421e+09 4.1026 -18.6804 0.306112
1.67421e+09 12.876 -13.0156 0.284615
1.67421e+09 11.7633 -7.34651 0.2101
1.67421e+09 -9.26222 -10.263 0.20269
1.67421e+09 -10.177 7.16669 0.259174
1.67421e+09 -10.4198 12.454 0.291411
1.67421e+09 17.065 7.43532 0.196196
1.67421e+09 5.32112 -17.3814 0.154519
1.67421e+09 20.3302 10.6597 0.257869
1.67421e+09 23.9379 6.78631 0.239586
1.67421e+09 2.46907 -18.0679 0.196567
