1.67421e+09 3.86157 -8.35624 0.319596
1.67421e+09 4.17634 6.66935 0.220807
1.67421e+09 0.197652 5.65901 0.206948
1.67421e+09 15.5358 -8.63355 0.337488
1.67421e+09 15.7283 3.55223 0.251392
1.67421e+09 8.19454 11.7529 0.235891
1.67421e+09 -5.18792 -9.5095 0.247426
1.67421e+09 -2.4351 12.8837 0.270021
1.67421e+09 -4.94893 5.6445 0.134566
1.67421e+09 -11.3219 8.88794 0.179289
1.67421e+09 5.95245 -17.7901 0.20585
1.67421e+09 22.7533 3.90405 0.256998
1.67421e+09 9.30868 -12.0742 0.179589
1.67421e+09 -5.8753 16.4226 0.284506
1.67421e+09 12.9557 -8.7589 0.156133
1.67421e+09 20.051 -6.02407 0.287209
1.67421e+09 5.60034 17.2087 0.247666
1.67421e+09 9.65624 6.14381 0.140038
1.67421e+09 15.5002 11.6066 0.264232
1.67421e+09 -12.4634 -4.98817 0.220076
1.67421e+09 -9.35738 -13.4141 0.210436
1.67421e+09 -18.1729 -10.9592 0.247574
