1.67421e+09 4.1327 5.61622 0.282923
1.67421e+09 3.21556 -10.7439 0.316491
1.67421e+09 -1.72783 5.55896 0.180224
1.67421e+09 4.17105 11.1174 0.230856
1.67421e+09 11.0793 -12.0591 0.267666
1.67421e+09 18.6765 5.79713 0.252682
1.67421e+09 22.6349 -7.33491 0.289648
1.67421e+09 -10.2716 -14.1444 0.219036
1.67421e+09 14.2683 8.32616 0.255267
1.67421e+09 -8.8457 17.2356 0.263217
1.67421e+09 13.8664 -20.7755 0.2467
1.67421e+09 0.490406 22.6751 0.239149
1.67421e+09 -6.33575 -23.9384 0.233099
1.67421e+09 -13.8499 -15.8623 0.212427
1.67421e+09 13.0873 24.5408 0.237568
