1.67421e+09 -2.10012 5.94014 0.30537
1.67421e+09 8.12874 8.19343 0.219851
1.67421e+09 5.01872 -11.8428 0.256166
1.67421e+09 -2.63601 -10.4248 0.255386
1.67421e+09 12.7536 5.93288 0.26408
1.67421e+09 -7.68102 5.8402 0.223482
1.67421e+09 16.7359 -7.22965 0.320445
1.67421e+09 -2.03499 11.4149 0.2565
1.67421e+09 21.5154 7.85821 0.256108
1.67421e+09 7.79303 -20.6078 0.249441
1.67421e+09 12.2223 11.0914 0.261981
1.67421e+09 19.444 -13.0726 0.305009
1.67421e+09 20.758 12.8001 0.236159
1.67421e+09 -12.3808 -23.6585 0.213277
1.67421e+09 1.18004 17.8761 0.177675
