1.67421e+09 5.68831 3.62123 0.233263
1.67421e+09 5.01882 -8.45592 0.321171
1.67421e+09 9.97691 -6.0056 0.272408
1.67421e+09 -6.62675 -7.83688 0.270526
1.67421e+09 2.51025 -8.5542 0.192845
1.67421e+09 12.7433 3.77649 0.259334
1.67421e+09 5.49786 11.7804 0.279987
1.67421e+09 -6.01203 7.19305 0.214676
1.67421e+09 -1.7677 12.2022 0.268586
1.67421e+09 -11.8084 -4.91912 0.29794
1.67421e+09 8.40221 -11.0301 0.176201
1.67421e+09 20.247 4.23625 0.237935
1.67421e+09 8.47771 15.2655 0.225809
1.67421e+09 -0.466516 6.5421 0.143756
1.67421e+09 -1.147 -11.7487 0.16208
1.67421e+09 -15.5667 -8.66502 0.231547
