1.67421e+09 10.5178 4.58108 0.249609
1.67421e+09 -4.46987 -7.97395 0.300004
1.67421e+09 14.7106 -7.68308 0.283984
1.67421e+09 14.8644 -17.2423 0.214076
1.67421e+09 -3.70709 12.2178 0.264366
1.67421e+09 -6.90248 -8.02397 0.193576
1.67421e+09 10.1176 -8.99613 0.140117
1.67421e+09 -0.960013 -10.6176 0.187142
1.67421e+09 -10.7497 -11.161 0.17006
1.67421e+09 -0.674491 15.7109 0.246176
1.67421e+09 16.3268 16.0699 0.244158
1.67421e+09 12.2964 -8.62897 0.176103
1.67421e+09 2.50918 -9.27164 0.113349
1.67421e+09 9.50361 6.35459 0.0938724
1.67421e+09 18.213 -15.0528 0.201056
1.67421e+09 22.9194 -24.4211 0.225175
