1.67421e+09 -4.68417 9.39923 0.326975
1.67421e+09 6.79906 9.9271 0.291624
1.67421e+09 -6.92526 -11.7543 0.336446
1.67421e+09 2.73985 9.3055 0.163229
1.67421e+09 -9.32614 -5.90438 0.302857
1.67421e+09 13.8127 7.80716 0.203321
1.67421e+09 8.59584 -7.05062 0.22129
1.67421e+09 1.4917 14.0858 0.242889
1.67421e+09 17.0077 11.0512 0.265486
1.67421e+09 -5.606 14.2496 0.275258
1.67421e+09 -13.7104 12.589 0.301541
1.67421e+09 -12.8213 -10.0648 0.202841
1.67421e+09 20.7018 7.24169 0.244925
1.67421e+09 3.78466 25.1887 0.274365
