1.67421e+09 -4.17819 -5.39582 0.311674
1.67421e+09 5.8979 4.81529 0.254942
1.67421e+09 -9.19228 -7.67291 0.306981
1.67421e+09 9.9935 -7.53317 0.323154
1.67421e+09 -8.42144 4.38774 0.277899
1.67421e+09 5.40051 -8.77504 0.135245
1.67421e+09 11.0158 6.64767 0.156442
1.67421e+09 -1.78412 -24.4253 0.319619
1.67421e+09 7.59632 -8.42726 0.13451
1.67421e+09 4.94221 6.64188 0.0827516
1.67421e+09 9.98023 -17.1162 0.171069
1.67421e+09 6.54282 7.15807 0.149415
1.67421e+09 -8.2294 12.496 0.222674
1.67421e+09 -5.73008 -10.2627 0.142813
1.67421e+09 11.6077 22.89 0.239207
1.67421e+09 -3.37295 -18.4007 0.217379
1.67421e+09 20.0293 5.56555 0.220724
1.67421e+09 11.7199 16.3501 0.265404
1.67421e+09 0.873135 24.2077 0.21998
