1.67421e+09 -5.18299 -7.92409 0.291894
1.67421e+09 9.85287 4.63033 0.254236
1.67421e+09 14.016 -7.67383 0.283461
1.67421e+09 -4.3674 12.225 0.229939
1.67421e+09 -7.60401 -7.98776 0.182057
1.67421e+09 9.46411 -8.9361 0.138323
1.67421e+09 11.6591 -8.58964 0.185481
1.67421e+09 -1.6234 -10.5742 0.185107
1.67421e+09 15.6402 16.1165 0.237219
1.67421e+09 15.0813 6.42686 0.18239
1.67421e+09 8.83542 6.4015 0.0922931
1.67421e+09 -11.4871 -11.0959 0.177942
1.67421e+09 14.1526 -17.2856 0.17021
1.67421e+09 -1.34221 15.7363 0.231758
1.67421e+09 -11.6229 12.7977 0.293587
1.67421e+09 17.5191 -15.015 0.188934
1.67421e+09 1.83148 -9.18991 0.0787204
1.67421e+09 4.69783 23.9539 0.202331
