1.67421e+09 -0.156666 -5.70253 0.32426
1.67421e+09 5.20836 -8.43273 0.313746
1.67421e+09 5.50005 6.62129 0.224772
1.67421e+09 1.51237 5.58037 0.200522
1.67421e+09 -3.65148 5.6071 0.163667
1.67421e+09 16.8686 -8.62068 0.329722
1.67421e+09 -3.79197 -9.59396 0.248877
1.67421e+09 17.0932 3.5788 0.266611
1.67421e+09 -1.13399 12.8026 0.257341
1.67421e+09 -4.62981 16.3545 0.298846
1.67421e+09 10.6828 -12.087 0.183076
1.67421e+09 24.0929 3.92719 0.274145
1.67421e+09 7.32229 -17.854 0.200491
1.67421e+09 -15.004 -17.1128 0.298921
1.67421e+09 14.3018 -8.62258 0.196143
1.67421e+09 -11.0974 -5.08507 0.214932
1.67421e+09 -9.98481 8.78676 0.16573
1.67421e+09 16.795 11.6192 0.243424
1.67421e+09 10.9542 6.11645 0.11001
1.67421e+09 0.927011 -8.72308 0.126934
1.67421e+09 6.85385 17.1854 0.253137
1.67421e+09 -7.94575 -13.4586 0.16428
1.67421e+09 5.93188 11.501 0.12603
1.67421e+09 24.6983 -25.0226 0.322716
1.67421e+09 19.6298 15.199 0.233214
