1.67421e+09 2.55827 -5.79081 0.299864
1.67421e+09 -2.40014 -8.13175 0.3134
1.67421e+09 12.5361 4.46512 0.245874
1.67421e+09 5.13517 3.92195 0.181581
1.67421e+09 14.4755 -8.6775 0.204193
1.67421e+09 -1.7148 12.0416 0.233263
1.67421e+09 16.7807 -7.79652 0.273754
1.67421e+09 -4.87199 -8.17582 0.152613
1.67421e+09 -8.70607 -11.3151 0.183218
1.67421e+09 -8.98312 12.6041 0.286434
1.67421e+09 1.29328 15.5661 0.250728
1.67421e+09 3.2335 -18.7101 0.214268
1.67421e+09 1.1039 -10.7048 0.193861
1.67421e+09 -13.816 -7.49047 0.268138
1.67421e+09 12.5244 -9.11601 0.168385
1.67421e+09 18.2869 15.9465 0.232134
