1.67421e+09 -4.86331 6.06445 0.274507
1.67421e+09 9.56254 6.03651 0.269589
1.67421e+09 5.41407 8.28974 0.244714
1.67421e+09 2.05337 -11.632 0.237584
1.67421e+09 13.7755 -7.11094 0.29115
1.67421e+09 -5.54484 -10.2786 0.289119
1.67421e+09 9.47093 11.2304 0.265867
1.67421e+09 18.316 7.8466 0.28327
1.67421e+09 -4.76599 11.5839 0.255059
1.67421e+09 16.3467 -13.0431 0.331117
1.67421e+09 -10.4192 6.0357 0.232027
1.67421e+09 4.77803 -20.5111 0.247342
1.67421e+09 17.6574 12.8603 0.238382
1.67421e+09 -7.97182 23.1455 0.258168
1.67421e+09 -19.283 -13.5169 0.215584
1.67421e+09 -1.45114 18.0018 0.208875
