1.67421e+09 -7.21493 -5.17198 0.274545
1.67421e+09 6.83266 -7.36998 0.30088
1.67421e+09 2.26566 -8.66687 0.154942
1.67421e+09 7.96439 6.73517 0.153811
1.67421e+09 -12.2425 -7.43422 0.301533
1.67421e+09 1.95839 6.76311 0.119198
1.67421e+09 17.1225 5.58629 0.230834
1.67421e+09 4.39322 -8.31528 0.133233
1.67421e+09 3.53265 7.24105 0.0911322
1.67421e+09 22.4611 6.22602 0.26629
1.67421e+09 -8.92832 -10.0855 0.12236
1.67421e+09 -8.15376 16.1954 0.243337
1.67421e+09 6.80934 -17.0259 0.184753
1.67421e+09 22.1052 11.6167 0.211405
1.67421e+09 -6.96984 -18.1505 0.219409
1.67421e+09 17.6545 22.7121 0.235396
