1.67421e+09 -1.31441 5.9105 0.321409
1.67421e+09 9.0228 8.00492 0.277672
1.67421e+09 5.78275 -11.852 0.261862
1.67421e+09 -6.90575 5.78389 0.217453
1.67421e+09 13.4872 5.86847 0.270368
1.67421e+09 17.4326 -7.2398 0.285049
1.67421e+09 -1.25988 11.3477 0.246322
1.67421e+09 8.58824 -20.6545 0.253722
1.67421e+09 22.2061 7.74153 0.254251
1.67421e+09 -7.51747 -18.905 0.283321
1.67421e+09 21.5385 12.7666 0.260896
1.67421e+09 20.1708 -13.0293 0.292683
1.67421e+09 -15.5647 -13.8501 0.190097
1.67421e+09 -11.588 -23.7417 0.22717
1.67421e+09 1.9214 17.7377 0.181834
