1.67421e+09 5.13453 -7.39851 0.30493
1.67421e+09 0.501848 9.09109 0.318412
1.67421e+09 7.84977 8.84768 0.191654
1.67421e+09 11.9502 9.4922 0.318328
1.67421e+09 6.68284 13.6927 0.259694
1.67421e+09 14.5771 -13.1759 0.279381
1.67421e+09 5.82193 -18.8185 0.312079
1.67421e+09 -8.53978 12.4053 0.293022
1.67421e+09 13.523 -7.52882 0.212617
1.67421e+09 -8.32037 7.10141 0.247913
1.67421e+09 -0.38532 13.9369 0.256665
1.67421e+09 18.9355 7.22842 0.194617
1.67421e+09 4.19925 -18.1673 0.182198
1.67421e+09 25.7947 6.56663 0.244865
1.67421e+09 22.2319 10.461 0.262823
1.67421e+09 -7.31639 22.015 0.277915
1.67421e+09 7.05629 -17.5049 0.133829
