1.67421e+09 -5.09445 5.40794 0.256212
1.67421e+09 14.4859 5.76277 0.285298
1.67421e+09 8.99823 5.35474 0.212856
1.67421e+09 14.4717 -10.7375 0.292194
1.67421e+09 0.0765413 6.89793 0.145627
1.67421e+09 14.3187 11.197 0.212766
1.67421e+09 1.28666 16.6195 0.247532
1.67421e+09 -6.56356 -8.15818 0.116211
1.67421e+09 1.18991 -14.675 0.167827
1.67421e+09 5.53546 -24.3664 0.22992
1.67421e+09 10.3193 22.5407 0.238368
1.67421e+09 -4.45131 7.65264 0.124988
1.67421e+09 -6.02018 7.28188 0.13514
1.67421e+09 18.1088 23.4826 0.259975
