1.67421e+09 -5.90749 -5.28392 0.304162
1.67421e+09 8.25619 -7.46718 0.284722
1.67421e+09 -10.8826 -7.5653 0.31731
1.67421e+09 3.64745 -8.72855 0.146323
1.67421e+09 9.3071 6.66725 0.153633
1.67421e+09 23.916 6.26417 0.317875
1.67421e+09 -7.56782 -10.2203 0.153874
1.67421e+09 3.28924 6.6975 0.0856691
1.67421e+09 5.84297 -8.40293 0.157846
1.67421e+09 10.1423 16.3283 0.238244
1.67421e+09 8.26843 -17.0828 0.168676
1.67421e+09 4.8186 7.18271 0.101357
1.67421e+09 11.6782 -14.817 0.238592
1.67421e+09 18.4117 5.51281 0.197068
1.67421e+09 -6.81501 16.0837 0.236917
1.67421e+09 1.49409 19.3403 0.261081
1.67421e+09 23.3984 11.5991 0.219869
1.67421e+09 9.92721 22.9298 0.254693
