1687940953.0124898 8.18868828 -11.4646931 0.277956188 0
1687940953.0124898 1.96389878 -5.20948696 0.108657628 1
1687940953.0124898 -4.68761206 -8.61601067 0.220669076 2
1687940953.0124898 6.2155447 -9.94641972 0.140771925 3
1687940953.0124898 4.28416443 11.2899208 0.233869672 4
1687940953.0124898 11.2680674 7.75169897 0.212345973 5
1687940953.0124898 7.68480921 3.49902129 0.11538478 6
1687940953.0124898 -0.336457789 -12.094243 0.196330056 7
1687940953.0124898 -4.77615404 -7.85977554 0.12154194 8
1687940953.0124898 -1.53130257 -7.3220849 0.0658796057 9
1687940953.0124898 -4.64105511 7.30776978 0.122090146 10
