1687940902.17926741 8.44267273 -2.65860176 0.31609264 0
1687940902.17926741 3.276577 9.04614353 0.207070217 1
1687940902.17926741 6.97762918 -4.47680855 0.187861577 2
1687940902.17926741 5.38158083 10.4359713 0.224725381 3
1687940902.17926741 7.29770231 3.56223416 0.152013391 4
1687940902.17926741 5.64034557 -2.4595716 0.0937323198 5
1687940902.17926741 -3.69201279 -12.7492485 0.250415355 6
1687940902.17926741 12.1733646 7.91746473 0.190933421 7
1687940902.17926741 11.3398886 -1.43806219 0.161273301 8
1687940902.17926741 7.97167969 8.89952564 0.153066024 9
1687940902.17926741 5.19494534 7.22174597 0.0895800367 10
