1674207972.67857075 5.99733019 -4.99573421 0.318720013 0
1674207972.67857075 -3.10120392 -7.3519783 0.232834741 1
1674207972.67857075 -8.23671341 8.68937206 0.296538591 2
1674207972.67857075 -11.256568 -6.86599636 0.313800603 3
1674207972.67857075 -1.83867276 -10.5379219 0.252724707 4
1674207972.67857075 18.0068932 4.57452106 0.261934727 5
1674207972.67857075 7.73107147 -16.7376919 0.236846268 6
1674207972.67857075 -1.07440245 16.7263279 0.279084504 7
1674207972.67857075 7.42742872 5.77319336 0.11752566 8
1674207972.67857075 -5.43591213 22.986084 0.328268737 9
1674207972.67857075 18.4952774 10.8194485 0.2648049 10
1674207972.67857075 15.1053238 -23.8346596 0.263875306 11
1674207972.67857075 25.6174412 -8.04303551 0.249209151 12
1674207972.67857075 -5.47144413 28.0006676 0.251283884 13
