1.67421e+09 1.051 -7.05143 0.262672
1.67421e+09 -3.71835 9.34838 0.309753
1.67421e+09 3.62701 9.25376 0.192249
1.67421e+09 7.68769 9.79726 0.30519
1.67421e+09 9.48806 -7.14448 0.208248
1.67421e+09 10.4846 -12.7453 0.246785
1.67421e+09 14.7431 7.6976 0.192289
1.67421e+09 2.46473 14.0201 0.247321
1.67421e+09 17.9646 10.9437 0.26552
1.67421e+09 -12.7432 12.557 0.287603
1.67421e+09 -12.4459 7.25919 0.248109
1.67421e+09 -4.65806 14.2046 0.281238
1.67421e+09 21.6162 7.10879 0.22634
1.67421e+09 0.350579 -17.9001 0.219679
1.67421e+09 14.352 20.8676 0.2365
