1.67421e+09 0.904391 -5.93592 0.242301
1.67421e+09 11.8935 -6.67255 0.33085
1.67421e+09 8.11863 -10.4872 0.24845
1.67421e+09 2.23342 8.06166 0.172357
1.67421e+09 8.52886 4.56283 0.145358
1.67421e+09 13.6628 4.5036 0.186116
1.67421e+09 -4.91247 -11.6911 0.256327
1.67421e+09 4.37172 5.33149 0.0866496
1.67421e+09 -8.31044 6.64641 0.205735
1.67421e+09 -3.11829 -17.6868 0.328908
1.67421e+09 -7.23772 10.9621 0.217229
1.67421e+09 3.83664 -14.3139 0.190873
1.67421e+09 11.2175 11.8478 0.238765
1.67421e+09 -3.67522 14.7903 0.242164
1.67421e+09 21.7765 10.5182 0.268103
1.67421e+09 19.3175 15.9861 0.244723
1.67421e+09 -1.79962 22.7478 0.29203
