1687940927.19245172 6.51692867 2.6989553 0.205206051 0
1687940927.19245172 2.76418591 -5.49063063 0.20773235 1
1687940927.19245172 7.55963993 -2.65204477 0.202565044 2
1687940927.19245172 1.92870069 16.3176899 0.24585484 3
1687940927.19245172 16.3370934 -2.82491446 0.267750949 4
1687940927.19245172 0.218330309 8.78196335 0.100649558 5
1687940927.19245172 6.62324381 -2.24249673 0.122457795 6
1687940927.19245172 13.4244432 -3.21356153 0.13896814 7
1687940927.19245172 1.40317929 -7.95309448 0.0895024538 8
1687940927.19245172 0.170095176 -6.10000563 0.18231599 9
