1674207085.5162673 10.9882355 -6.80676889 0.380160451 0
1674207085.5162673 0.851062834 -8.2183342 0.22203888 1
1674207085.5162673 6.41664028 5.13262987 0.223244995 2
1674207085.5162673 3.99434781 -14.9478607 0.288018346 3
1674207085.5162673 16.3688564 5.90617466 0.181062296 4
1674207085.5162673 1.3817476 -20.7440014 0.248144418 5
1674207085.5162673 -3.24722552 -9.34353924 0.121960349 6
1674207085.5162673 6.18895864 6.09411049 0.0942502767 7
1674207085.5162673 22.4630947 3.7107265 0.163597316 8
1674207085.5162673 17.3309231 10.3163958 0.187287167 9
1674207085.5162673 7.50711107 12.1815681 0.174709588 10
1674207085.5162673 12.4490938 -23.374979 0.216325209 11
1674207085.5162673 20.6801815 14.1418896 0.252108335 12
1674207085.5162673 26.0590076 -6.27018356 0.2682347 13
