1674207971.06490684 3.25233364 -7.90734005 0.245907754 0
1674207971.06490684 12.4070168 -5.60396147 0.28928861 1
1674207971.06490684 -1.55423188 8.29972744 0.284132928 2
1674207971.06490684 11.2737226 3.04244971 0.216773689 3
1674207971.06490684 5.83065557 16.1538887 0.315375447 4
1674207971.06490684 -5.37666082 12.0916224 0.256079435 5
1674207971.06490684 -8.4585743 8.90073204 0.184353918 6
1674207971.06490684 13.8663359 -17.5319691 0.236236483 7
1674207971.06490684 -15.3972149 11.0085735 0.25770846 8
1674207971.06490684 16.7663212 19.5600929 0.268054307 9
