1.67421e+09 4.06674 10.0952 0.348007
1.67421e+09 4.58471 11.3694 0.387439
1.67421e+09 4.5947 11.3796 0.383602
1.67421e+09 4.59581 11.3807 0.383175
1.67421e+09 4.55522 11.2609 0.37247
1.67421e+09 4.50575 11.1423 0.363088
1.67421e+09 4.47229 11.0508 0.35546
1.67421e+09 4.44124 10.9734 0.34862
1.67421e+09 4.43885 10.9674 0.348094
1.67421e+09 5.70087 -6.88368 0.223309
1.67421e+09 6.44469 -7.7307 0.245669
1.67421e+09 6.44984 -7.73611 0.243174
1.67421e+09 6.39451 -7.64857 0.23949
1.67421e+09 6.35162 -7.56104 0.233844
1.67421e+09 6.28041 -7.4597 0.244221
1.67421e+09 6.24086 -7.40964 0.240708
1.67421e+09 6.20748 -7.36521 0.234866
1.67421e+09 -7.36449 9.6206 0.321718
1.67421e+09 -8.41655 10.995 0.367677
1.67421e+09 -9.79488 -11.4805 0.323436
1.67421e+09 -11.0311 -12.9117 0.363071
1.67421e+09 -11.0089 -12.91 0.359962
1.67421e+09 6.75431 -12.5815 0.290602
1.67421e+09 7.6212 -14.1442 0.316527
1.67421e+09 7.72956 -14.3395 0.319768
1.67421e+09 11.0106 7.92587 0.199575
1.67421e+09 12.4005 8.92484 0.222363
1.67421e+09 12.416 8.93038 0.219713
1.67421e+09 12.2956 8.83786 0.216005
1.67421e+09 12.1869 8.75301 0.212132
1.67421e+09 12.0735 8.67215 0.208531
1.67421e+09 11.987 8.61209 0.205117
1.67421e+09 11.9323 8.56313 0.202106
1.67421e+09 11.884 8.52277 0.200064
1.67421e+09 14.1698 11.1267 0.280925
1.67421e+09 15.96 12.5316 0.315407
1.67421e+09 15.9773 12.5435 0.312457
1.67421e+09 15.8179 12.4153 0.306898
1.67421e+09 15.6832 12.3019 0.300936
1.67421e+09 15.5765 12.2073 0.29355
1.67421e+09 15.4786 12.128 0.290142
1.67421e+09 -1.19617 14.3141 0.263309
1.67421e+09 -1.3393 16.1034 0.294066
1.67421e+09 -1.32557 16.106 0.29014
1.67421e+09 -1.30212 15.9314 0.28735
1.67421e+09 0.149893 9.52664 0.234498
1.67421e+09 0.15469 10.7119 0.247184
1.67421e+09 -8.25978 14.4953 0.265628
1.67421e+09 -9.28427 16.3129 0.298616
1.67421e+09 -9.41233 16.5401 0.30274
1.67421e+09 17.946 7.3332 0.247771
1.67421e+09 20.199 8.25196 0.288567
1.67421e+09 20.2041 8.26406 0.286406
1.67421e+09 20.0027 8.18777 0.286805
1.67421e+09 10.6398 21.1151 0.260271
1.67421e+09 11.995 23.7728 0.290539
1.67421e+09 11.9644 23.7702 0.301965
1.67421e+09 11.8523 23.5166 0.291187
1.67421e+09 12.0734 -6.91613 0.195055
1.67421e+09 13.6021 -7.79096 0.232038
1.67421e+09 -1.7252 -18.2022 0.29094
1.67421e+09 -1.90727 -20.471 0.322772
