1687940943.12829399 5.68611813 -2.6620369 0.240086392 0
1687940943.12829399 -0.90774411 -6.4002924 0.206978783 1
1687940943.12829399 7.16462898 3.91566849 0.191824302 2
1687940943.12829399 -2.70915008 -10.8551998 0.257824123 3
1687940943.12829399 1.67699742 5.92679596 0.110960476 4
1687940943.12829399 -1.49178314 8.76348591 0.213970065 5
1687940943.12829399 11.711978 -4.349751 0.183966637 6
1687940943.12829399 16.3222885 -2.08794641 0.199044764 7
1687940943.12829399 8.14922237 -5.39141083 0.203542843 8
1687940943.12829399 2.18262243 9.88871574 0.117057942 9
1687940943.12829399 0.113256983 -7.61417484 0.114557385 10
1687940943.12829399 -10.5811825 -12.4784365 0.165372774 11
