1687940940.40507078 7.97861624 -5.34440565 0.255048633 0
1687940940.40507078 -4.12124491 8.68585014 0.190604731 1
1687940940.40507078 -1.17015815 5.64458466 0.0820160732 2
1687940940.40507078 8.26952076 3.4037025 0.1641054 3
1687940940.40507078 12.8222513 -3.35547805 0.186920837 4
1687940940.40507078 1.83213186 -5.97676039 0.198209956 5
1687940940.40507078 -0.373830557 9.58053112 0.106977127 6
1687940940.40507078 8.97444344 11.62708 0.217501596 7
1687940940.40507078 1.15194166 -10.4839325 0.163492933 8
1687940940.40507078 16.4624538 4.0970645 0.262705296 9
1687940940.40507078 -11.0496092 11.8633919 0.21030876 10
1687940940.40507078 11.3841877 -12.2378988 0.23040466 11
