1687940949.38154984 -1.88860512 -5.29243517 0.0922272429 0
1687940949.38154984 4.06203175 -11.7373877 0.280517161 1
1687940949.38154984 5.98823977 -7.51226807 0.24746953 2
1687940949.38154984 0.935641825 11.1413202 0.240140215 3
1687940949.38154984 7.66969585 7.39202404 0.205006987 4
1687940949.38154984 -1.45981443 -7.13750076 0.134268373 5
1687940949.38154984 1.24063504 -5.43630886 0.213909209 6
1687940949.38154984 -8.42455673 -8.56468105 0.223919868 7
1687940949.38154984 13.6641397 -4.78478384 0.223392248 8
1687940949.38154984 10.4049482 4.16851091 0.134846136 9
