1687940940.50590014 8.0899744 -5.26127863 0.182274863 0
1687940940.50590014 -4.01342344 8.70646572 0.191131696 1
1687940940.50590014 -1.06528902 5.65860224 0.0833952576 2
1687940940.50590014 12.9093094 -3.30806279 0.18253459 3
1687940940.50590014 8.41254044 3.47135329 0.134911209 4
1687940940.50590014 -0.261039317 9.62150764 0.127976686 5
1687940940.50590014 1.37211537 -10.4515638 0.138733312 6
1687940940.50590014 9.16675472 11.6330357 0.21858342 7
1687940940.50590014 4.86525869 -5.9304533 0.188108593 8
1687940940.50590014 -10.9523783 11.8658485 0.223045856 9
1687940940.50590014 -3.30787539 -9.37316704 0.17419076 10
