1687940927.49502587 6.89806938 2.70272017 0.207648128 0
1687940927.49502587 3.20776033 -5.52532148 0.220230266 1
1687940927.49502587 5.73208666 8.47380543 0.223529235 2
1687940927.49502587 2.34705162 16.2784348 0.250729322 3
1687940927.49502587 16.684124 -2.83724904 0.257229269 4
1687940927.49502587 0.605150878 8.78679085 0.110922217 5
1687940927.49502587 -3.54327273 -12.0520477 0.197039872 6
1687940927.49502587 13.9138165 11.3927507 0.24990508 7
1687940927.49502587 13.7837915 -3.22725606 0.136898339 8
1687940927.49502587 1.84463716 -7.99994707 0.0906613842 9
