1687940931.32767963 5.40603924 3.72689414 0.219909623 0
1687940931.32767963 -0.253302991 -12.2616196 0.225348845 1
1687940931.32767963 7.56954956 -6.75259304 0.218587577 2
1687940931.32767963 12.1437473 0.96082592 0.227237463 3
1687940931.32767963 -1.40334833 11.700326 0.211705148 4
1687940931.32767963 7.99807358 2.22072458 0.147797734 5
1687940931.32767963 11.7279034 6.8081398 0.194935411 6
1687940931.32767963 12.5550995 -4.49598217 0.209310889 7
1687940931.32767963 -3.4615159 -5.12388086 0.203095093 8
1687940931.32767963 2.11003423 12.648591 0.124317564 9
