1687940921.94774103 -3.45946527 -5.62236738 0.227952302 0
1687940921.94774103 10.0856152 -2.98202729 0.251879513 1
1687940921.94774103 -0.963661313 8.41896725 0.202145591 2
1687940921.94774103 6.0168643 5.96734428 0.199721709 3
1687940921.94774103 7.11503553 -3.35198808 0.120047875 4
1687940921.94774103 -6.76289368 4.62490082 0.22647208 5
1687940921.94774103 -4.32539177 16.3353119 0.243171632 6
1687940921.94774103 7.2327714 11.2547331 0.179406792 7
1687940921.94774103 -1.93794823 -9.48541641 0.152690411 8
1687940921.94774103 10.1594334 -6.16126204 0.140650392 9
1687940921.94774103 -6.053442 8.76838875 0.0990420431 10
1687940921.94774103 7.76255083 10.0848684 0.141881302 11
1687940921.94774103 16.622776 4.69781399 0.201151654 12
