1687940948.57467818 2.89542389 -11.8566446 0.288905114 0
1687940948.57467818 0.217894688 11.0579214 0.23910296 1
1687940948.57467818 4.98337412 -7.56652975 0.198340043 2
1687940948.57467818 -2.85931039 -5.32038116 0.0972998068 3
1687940948.57467818 0.182987779 -5.49278641 0.19459039 4
1687940948.57467818 -2.47412229 -7.08215904 0.123559184 5
1687940948.57467818 6.77252293 7.37443781 0.231303692 6
1687940948.57467818 -5.32220125 -12.1785307 0.208318189 7
1687940948.57467818 12.7388926 -5.04305744 0.222732857 8
1687940948.57467818 1.09971178 -10.2210855 0.130467728 9
1687940948.57467818 10.1589012 -5.16944218 0.162670776 10
