1.67421e+09 6.37511 -5.07618 0.328208
1.67421e+09 7.17517 -5.7046 0.368249
1.67421e+09 7.19305 -5.6654 0.366242
1.67421e+09 7.10403 -5.61195 0.35902
1.67421e+09 7.04335 -5.53732 0.354697
1.67421e+09 7.03784 -5.53054 0.354304
1.67421e+09 7.03734 -5.52992 0.354268
1.67421e+09 6.98855 -5.47408 0.348262
1.67421e+09 6.9413 -5.43029 0.343129
1.67421e+09 18.4373 4.46426 0.26037
1.67421e+09 20.7205 5.01604 0.290237
1.67421e+09 20.7284 5.02576 0.291232
1.67421e+09 20.514 4.96664 0.284047
1.67421e+09 20.4926 4.96073 0.283329
1.67421e+09 20.4904 4.96014 0.283257
1.67421e+09 20.2617 4.91676 0.271941
1.67421e+09 -2.68231 -7.37241 0.237326
1.67421e+09 -3.01023 -8.28905 0.265033
1.67421e+09 -3.02842 -8.2918 0.259804
1.67421e+09 -7.81572 8.66618 0.298459
1.67421e+09 -8.79295 9.7552 0.328988
1.67421e+09 -8.79324 9.76305 0.323301
1.67421e+09 -8.66121 9.62363 0.301
1.67421e+09 -10.9685 -6.92426 0.356891
1.67421e+09 -12.5354 -7.91344 0.407876
1.67421e+09 -1.44086 -10.5828 0.258287
1.67421e+09 -1.61127 -11.9082 0.288941
1.67421e+09 7.98349 -16.8188 0.265386
1.67421e+09 9.12398 -19.2215 0.303299
1.67421e+09 9.16845 -19.2205 0.298801
1.67421e+09 9.10661 -18.958 0.293233
1.67421e+09 8.99877 -18.7187 0.289566
1.67421e+09 8.94373 -18.5215 0.287859
1.67421e+09 8.86349 -18.3622 0.283314
1.67421e+09 -0.641461 16.7143 0.298248
1.67421e+09 -0.716757 18.7956 0.331757
1.67421e+09 12.4385 11.8177 0.252909
1.67421e+09 14.0248 13.3114 0.291777
1.67421e+09 14.0531 13.3408 0.28236
1.67421e+09 13.8895 13.1849 0.278797
1.67421e+09 13.7391 13.0338 0.267457
1.67421e+09 30.441 -6.04625 0.315674
1.67421e+09 34.2538 -6.81179 0.340059
1.67421e+09 -4.97805 22.9285 0.303442
1.67421e+09 -5.57719 25.7934 0.335547
1.67421e+09 -5.65208 26.1515 0.33956
1.67421e+09 18.8973 10.7113 0.235791
1.67421e+09 21.5969 12.2414 0.269476
1.67421e+09 2.58677 23.3965 0.295198
