1687940949.17986608 -2.16907167 -5.26363325 0.112938508 0
1687940949.17986608 0.852176905 11.0942001 0.246945441 1
1687940949.17986608 5.68599081 -7.66828251 0.212308198 2
1687940949.17986608 3.47815275 -11.7896156 0.292743385 3
1687940949.17986608 7.53588057 7.3224926 0.203326225 4
1687940949.17986608 -1.74397004 -7.04665422 0.101667464 5
1687940949.17986608 1.07703173 -5.40430164 0.139370635 6
1687940949.17986608 -8.65204239 -8.51550865 0.215060204 7
1687940949.17986608 13.2705126 -4.92829943 0.220883876 8
1687940949.17986608 11.0465145 -5.09073162 0.138643309 9
