1674207972.57772732 6.4037199 -5.00921106 0.316339195 0
1674207972.57772732 18.3989792 4.46583605 0.246189982 1
1674207972.57772732 -2.69466305 -7.37216187 0.231422603 2
1674207972.57772732 -7.78188992 8.64732361 0.268669456 3
1674207972.57772732 -10.9684916 -6.92426014 0.356891215 4
1674207972.57772732 -1.4333663 -10.5885229 0.260154039 5
1674207972.57772732 8.11818027 -16.8187046 0.259325355 6
1674207972.57772732 -0.636574626 16.7063599 0.294476211 7
1674207972.57772732 12.4763937 11.8351889 0.242111981 8
1674207972.57772732 30.4486504 -6.05600834 0.300599575 9
1674207972.57772732 -4.95493174 22.9273529 0.297616273 10
1674207972.57772732 18.8972607 10.7112551 0.23579143 11
1674207972.57772732 2.58677149 23.396471 0.295198292 12
