1674207942.92500305 3.75936604 -5.9084115 0.324170858 0
1674207942.92500305 9.14852428 -8.62017059 0.315354317 1
1674207942.92500305 5.35466385 5.3338871 0.186029375 2
1674207942.92500305 9.45019531 6.42118263 0.216145024 3
1674207942.92500305 0.293512911 5.30173302 0.129190311 4
1674207942.92500305 -7.24790049 -5.37362337 0.217231363 5
1674207942.92500305 0.133066386 -9.80304337 0.231318325 6
1674207942.92500305 -3.89657879 5.98633289 0.132608578 7
1674207942.92500305 -6.12323427 8.56141376 0.166987851 8
1674207942.92500305 20.7831497 -8.86673355 0.342043698 9
1674207942.92500305 2.78332162 12.5675297 0.235533983 10
1674207942.92500305 -5.72585201 5.40344286 0.135363176 11
1674207942.92500305 4.07098198 -22.7767696 0.295004219 12
1674207942.92500305 5.48586226 7.18372107 0.140236959 13
1674207942.92500305 -12.9231691 -11.3742552 0.257542491 14
1674207942.92500305 13.378026 11.5051146 0.252559304 15
1674207942.92500305 20.9689846 3.40972042 0.250596195 16
1674207942.92500305 4.76134157 -8.94250679 0.156902388 17
1674207942.92500305 -10.9831104 -17.3190002 0.308642656 18
1674207942.92500305 14.5488768 -12.3211451 0.199951366 19
1674207942.92500305 10.7615252 16.9146996 0.23079665 20
1674207942.92500305 27.9687843 3.6849246 0.266136229 21
1674207942.92500305 -4.01509762 -13.6602449 0.151608706 22
1674207942.92500305 20.6169987 11.3448172 0.216897219 23
1674207942.92500305 -8.40907669 -9.03515148 0.152558237 24
1674207942.92500305 -28.8247719 -13.6359949 0.151006296 25
1674207942.92500305 3.03795505 -21.2390442 0.152269349 26
1674207942.92500305 6.3594594 23.3494682 0.218027517 27
