1.67421e+09 8.05081 3.97749 0.324695
1.67421e+09 9.04749 4.48066 0.360155
1.67421e+09 9.03588 4.48837 0.358675
1.67421e+09 8.92095 4.44101 0.348338
1.67421e+09 8.81799 4.40003 0.341715
1.67421e+09 8.80864 4.39631 0.341113
1.67421e+09 -2.18967 -7.88063 0.327455
1.67421e+09 -2.46486 -8.86174 0.364722
1.67421e+09 -2.48105 -8.87629 0.358959
1.67421e+09 9.31272 10.1525 0.245525
1.67421e+09 10.4583 11.4169 0.267709
1.67421e+09 10.4479 11.4333 0.272242
1.67421e+09 10.3169 11.3128 0.262855
1.67421e+09 10.2017 11.2039 0.258097
1.67421e+09 10.1115 11.1078 0.250078
1.67421e+09 20.6947 -9.61263 0.248689
1.67421e+09 23.3267 -10.7563 0.271684
1.67421e+09 23.3592 -10.6858 0.257834
1.67421e+09 6.71281 11.3012 0.194641
1.67421e+09 14.7931 5.58004 0.182873
1.67421e+09 16.6394 6.2681 0.201434
1.67421e+09 16.6332 6.26 0.193184
