1687940896.83400249 6.52845192 6.82456064 0.159448385 0
1687940896.83400249 13.7252626 6.52365923 0.305420965 1
1687940896.83400249 -2.32804179 8.73251438 0.180878967 2
1687940896.83400249 -6.15567112 10.790082 0.241193727 3
1687940896.83400249 2.59019804 8.13358307 0.161012799 4
1687940896.83400249 -1.02816045 -9.87193489 0.275831461 5
1687940896.83400249 7.89844036 -1.51396465 0.14937079 6
1687940896.83400249 -0.290146738 6.64273548 0.111656919 7
1687940896.83400249 2.44043636 14.7421064 0.146819338 8
1687940896.83400249 -6.89292955 16.9493084 0.163439944 9
