1687940915.29100657 -1.65466201 5.6507473 0.214131996 0
1687940915.29100657 9.22707558 -4.74120283 0.223307341 1
1687940915.29100657 8.7365303 3.67024493 0.171450779 2
1687940915.29100657 1.65025961 -6.70935726 0.130628094 3
1687940915.29100657 3.13611531 5.15763187 0.121804722 4
1687940915.29100657 -0.0994859934 10.8485289 0.189773664 5
1687940915.29100657 -8.20687485 8.52280998 0.180533752 6
1687940915.29100657 14.6182947 3.70869112 0.206951201 7
1687940915.29100657 0.288047522 9.67399883 0.0957867429 8
1687940915.29100657 -2.85715032 -12.7160196 0.169052139 9
1687940915.29100657 -1.42903173 9.57682991 0.119148269 10
