1674207971.36738229 2.08065104 -7.79953146 0.246370241 0
1674207971.36738229 11.2417355 -5.41906023 0.291417062 1
1674207971.36738229 10.0581141 3.21323276 0.20328787 2
1674207971.36738229 -2.81955338 8.36521339 0.283112437 3
1674207971.36738229 19.7557278 -12.9402046 0.299228221 4
1674207971.36738229 4.52023363 16.2558002 0.30226478 5
1674207971.36738229 12.7153816 -17.3600578 0.226330817 6
1674207971.36738229 23.7310581 3.6736908 0.229254797 7
1674207971.36738229 3.1670413 -10.9450312 0.260011911 8
1674207971.36738229 -9.74954319 8.94264984 0.213580355 9
1674207971.36738229 -13.3723326 -11.6703873 0.261354536 10
1674207971.36738229 -16.6652412 10.9643555 0.238843083 11
