1674207970.66143322 4.90603733 -8.0157795 0.236200735 0
1674207970.66143322 6.06851482 -11.225934 0.27056101 1
1674207970.66143322 0.0781499594 8.19394112 0.282848954 2
1674207970.66143322 14.0570335 -5.66292334 0.276449233 3
1674207970.66143322 12.9182863 2.95247912 0.222134277 4
1674207970.66143322 -6.8345437 8.78734207 0.192402288 5
1674207970.66143322 7.91289902 15.9822474 0.304659754 6
1674207970.66143322 -3.74061751 11.9898987 0.263386637 7
1674207970.66143322 -13.7880774 10.8950548 0.264348835 8
1674207970.66143322 15.3571472 -17.693985 0.28231898 9
