1687940943.7334044 6.43788671 -2.60240531 0.263445467 0
1687940943.7334044 -1.93941796 -10.8514166 0.272160411 1
1687940943.7334044 -0.839473546 8.75788879 0.202548251 2
1687940943.7334044 7.8355341 3.99626398 0.189981133 3
1687940943.7334044 2.36139679 5.93363428 0.0916201621 4
1687940943.7334044 12.4461603 -4.24777889 0.185012013 5
1687940943.7334044 -3.67841053 -9.53404808 0.126319885 6
1687940943.7334044 17.0471458 -1.95798194 0.198579922 7
1687940943.7334044 1.37946618 -9.15983772 0.141903922 8
1687940943.7334044 0.815356016 -7.6659112 0.120268196 9
1687940943.7334044 2.85310221 9.89497566 0.133881301 10
1687940943.7334044 -9.74694252 -12.4524879 0.171936736 11
