1.67421e+09 1.29583 -7.85596 0.326201
1.67421e+09 1.45455 -8.83949 0.363889
1.67421e+09 1.43688 -8.85539 0.358769
1.67421e+09 1.38935 -8.7913 0.361966
1.67421e+09 1.38459 -8.78489 0.362286
1.67421e+09 1.35908 -8.71391 0.352698
1.67421e+09 1.33405 -8.65042 0.341561
1.67421e+09 1.33196 -8.64513 0.340633
1.67421e+09 10.9687 4.38531 0.314535
1.67421e+09 12.5356 5.01178 0.359468
1.67421e+09 12.5385 5.00735 0.358483
1.67421e+09 12.3586 4.93798 0.348861
1.67421e+09 12.1956 4.87929 0.339795
1.67421e+09 12.0612 4.83277 0.335008
1.67421e+09 11.9656 4.78623 0.334389
1.67421e+09 11.8701 4.74079 0.329356
1.67421e+09 4.59324 -16.2618 0.336093
1.67421e+09 5.18584 -18.2562 0.366584
1.67421e+09 5.21243 -18.2264 0.36156
1.67421e+09 5.14442 -18.021 0.348236
1.67421e+09 12.0257 10.5895 0.244472
1.67421e+09 13.5191 11.925 0.274019
1.67421e+09 13.7057 12.092 0.277712
1.67421e+09 13.527 11.9483 0.267682
1.67421e+09 -3.4945 6.12985 0.0854561
