1687940920.33400893 8.58650303 -2.787637 0.25883913 0
1687940920.33400893 -4.94363832 -5.51492167 0.243573695 1
1687940920.33400893 4.41852999 6.1097765 0.193311676 2
1687940920.33400893 5.56367397 -3.21189141 0.122442558 3
1687940920.33400893 -2.56538081 8.5241375 0.209574133 4
1687940920.33400893 5.61819029 11.4515543 0.183772162 5
1687940920.33400893 4.4668026 -12.2933168 0.189284697 6
1687940920.33400893 -3.42200565 -9.35760593 0.116159521 7
1687940920.33400893 9.22528744 6.07304525 0.17516385 8
1687940920.33400893 8.52556515 -5.92159939 0.143786401 9
1687940920.33400893 15.9021235 -3.48367429 0.232707173 10
1687940920.33400893 -6.35793972 -7.97149658 0.146177396 11
1687940920.33400893 4.37367487 10.058074 0.106693245 12
1687940920.33400893 15.072753 4.95544958 0.186653301 13
