1.67421e+09 2.18572 7.96878 0.29264
1.67421e+09 2.45766 8.96033 0.327962
1.67421e+09 2.45583 8.96341 0.322109
1.67421e+09 2.42748 8.86862 0.314406
1.67421e+09 2.42465 8.85914 0.313635
1.67421e+09 2.40188 8.78434 0.309004
1.67421e+09 2.39981 8.77754 0.308583
1.67421e+09 2.38304 8.70867 0.298974
1.67421e+09 2.38164 8.70293 0.298174
1.67421e+09 2.38153 8.70246 0.298107
1.67421e+09 6.41053 -8.23838 0.246389
1.67421e+09 7.19262 -9.27684 0.280255
1.67421e+09 7.20109 -9.29004 0.295748
1.67421e+09 7.14642 -9.17503 0.28919
1.67421e+09 7.10306 -9.06581 0.279738
1.67421e+09 7.07171 -8.97502 0.26982
1.67421e+09 7.04223 -8.89956 0.263546
1.67421e+09 15.5784 -6.14558 0.326933
1.67421e+09 17.5507 -6.85113 0.360961
1.67421e+09 17.5867 -6.78773 0.354877
1.67421e+09 17.5907 -6.78069 0.354202
1.67421e+09 17.3982 -6.71248 0.357915
1.67421e+09 17.2242 -6.62228 0.346216
1.67421e+09 17.0834 -6.54383 0.337043
1.67421e+09 16.9821 -6.46599 0.33285
1.67421e+09 16.9005 -6.39051 0.324242
1.67421e+09 7.45856 -11.4132 0.302065
1.67421e+09 8.40042 -12.8364 0.332625
1.67421e+09 8.41564 -12.8391 0.328056
1.67421e+09 8.33822 -12.7002 0.321239
1.67421e+09 8.27904 -12.5767 0.314259
1.67421e+09 8.22495 -12.4758 0.311179
1.67421e+09 8.18914 -12.3875 0.303946
1.67421e+09 8.16543 -12.3141 0.298968
1.67421e+09 -5.19714 8.67108 0.220751
1.67421e+09 -5.8422 9.76241 0.244555
1.67421e+09 -5.8323 9.77101 0.241402
1.67421e+09 -5.75935 9.66745 0.235368
1.67421e+09 -5.69236 9.5756 0.232295
1.67421e+09 -5.6325 9.49464 0.224564
1.67421e+09 -5.58309 9.4306 0.221147
1.67421e+09 -9.16227 -11.8843 0.298472
1.67421e+09 -10.4712 -13.582 0.341111
1.67421e+09 -10.4936 -13.5655 0.341219
1.67421e+09 -10.3141 -13.3656 0.328531
1.67421e+09 -2.02582 11.8756 0.267098
1.67421e+09 -2.25869 13.3701 0.300114
1.67421e+09 -2.24976 13.3739 0.296777
1.67421e+09 14.5014 2.74583 0.228224
1.67421e+09 16.3116 3.08605 0.255277
1.67421e+09 16.3316 3.06605 0.253188
1.67421e+09 16.3338 3.06382 0.252956
1.67421e+09 16.3341 3.06358 0.252931
1.67421e+09 16.3341 3.06355 0.252928
1.67421e+09 16.3341 3.06355 0.252927
1.67421e+09 9.67383 15.7518 0.319291
1.67421e+09 10.8836 17.7264 0.35615
1.67421e+09 10.8728 17.7232 0.34927
1.67421e+09 10.7511 17.5268 0.339557
1.67421e+09 10.6485 17.3499 0.329417
1.67421e+09 10.5543 17.1985 0.313576
1.67421e+09 -12.0814 10.8785 0.278223
1.67421e+09 -13.5871 12.2445 0.316325
