1687940900.7672472 6.56218052 -2.48655248 0.317915916 0
1687940900.7672472 3.51860189 -7.43453455 0.226303518 1
1687940900.7672472 1.03498495 9.22136021 0.192488015 2
1687940900.7672472 5.41331053 3.84474516 0.131363004 3
1687940900.7672472 -4.2991581 5.88952255 0.194804579 4
1687940900.7672472 -5.33290434 -12.7805948 0.252676278 5
1687940900.7672472 9.48171806 -1.2410444 0.162808672 6
1687940900.7672472 3.26088214 10.5746431 0.21305649 7
1687940900.7672472 10.1693668 8.07516479 0.156150118 8
1687940900.7672472 5.96122122 9.10990238 0.131130636 9
1687940900.7672472 3.21558857 7.40470219 0.115588203 10
