1674207969.95536685 3.42489505 7.8414855 0.272572696 0
1674207969.95536685 8.7318058 -11.5383978 0.26802364 1
1674207969.95536685 7.72298574 -8.32253361 0.251395166 2
1674207969.95536685 16.7847652 -6.24438524 0.316892892 3
1674207969.95536685 -3.88075662 8.65638733 0.196268648 4
1674207969.95536685 -7.96222639 -11.926446 0.304026306 5
1674207969.95536685 -2.71982479 -6.27809191 0.192061082 6
1674207969.95536685 10.9775476 15.6200819 0.303111285 7
1674207969.95536685 15.8269653 2.47004199 0.203069523 8
1674207969.95536685 -10.8033085 10.8598633 0.275108665 9
1674207969.95536685 -9.06161404 -6.20227098 0.22518523 10
1674207969.95536685 -4.21158886 21.8314838 0.275307953 11
1674207969.95536685 -16.0839844 15.1270361 0.290908396 12
