1.67421e+09 2.03122 5.40848 0.182191
1.67421e+09 7.53917 5.64864 0.277216
1.67421e+09 7.09316 -10.7986 0.335893
1.67421e+09 7.49564 11.1056 0.219695
1.67421e+09 14.8715 -11.9307 0.286278
1.67421e+09 22.1126 6.10917 0.251676
1.67421e+09 -7.21647 7.32299 0.144293
1.67421e+09 17.6025 8.54304 0.259882
1.67421e+09 -6.38518 -14.4184 0.188573
1.67421e+09 -12.3053 5.92419 0.230371
1.67421e+09 4.07011 -26.381 0.234211
1.67421e+09 3.93107 22.5843 0.24226
1.67421e+09 11.7102 23.3017 0.255194
1.67421e+09 -2.24069 -24.1673 0.237562
