1687940921.54432511 -3.84191132 -5.59728289 0.233963564 0
1687940921.54432511 9.72116375 -2.90642738 0.243206367 1
1687940921.54432511 5.56458664 6.02683163 0.204769418 2
1687940921.54432511 6.7407136 -3.3110497 0.134331211 3
1687940921.54432511 9.92088509 -6.14699841 0.151041955 4
1687940921.54432511 6.78789711 11.3314095 0.207050651 5
1687940921.54432511 5.61900043 -12.3247309 0.171466365 6
1687940921.54432511 -2.32166696 -9.45990181 0.11483489 7
1687940921.54432511 -4.75870228 16.3240471 0.215016723 8
1687940921.54432511 17.0536156 -3.61425352 0.240217522 9
1687940921.54432511 -6.5229907 8.78412151 0.118882291 10
1687940921.54432511 -1.39053655 8.45475197 0.186512426 11
1687940921.54432511 10.2238293 5.84099436 0.187828094 12
