1687940952.30648828 1.32132006 -5.20420742 0.0881752446 0
1687940952.30648828 -5.30209732 -8.63600731 0.208151743 1
1687940952.30648828 6.90554953 3.49679494 0.133708939 2
1687940952.30648828 10.527976 7.78819561 0.212724686 3
1687940952.30648828 9.27944469 -7.14802408 0.210315168 4
1687940952.30648828 3.63010097 11.2902689 0.207319438 5
1687940952.30648828 5.50095034 -9.90186691 0.133648723 6
1687940952.30648828 -1.00940251 -12.0832062 0.188437477 7
1687940952.30648828 -5.40272236 -7.9448905 0.137348086 8
1687940952.30648828 -4.04567385 9.6612854 0.098879829 9
1687940952.30648828 -2.2775209 -7.36260653 0.0741085187 10
