1.67421e+09 0.26612 -5.66043 0.319585
1.67421e+09 10.1769 4.60536 0.244929
1.67421e+09 -4.80873 -7.94428 0.290664
1.67421e+09 14.344 -7.6775 0.266856
1.67421e+09 -7.29697 -8.05216 0.188339
1.67421e+09 -4.03313 12.2191 0.239578
1.67421e+09 9.76671 -8.98169 0.153086
1.67421e+09 -1.02146 15.7222 0.243479
1.67421e+09 14.4369 -17.2875 0.180047
1.67421e+09 15.9717 16.0997 0.238941
1.67421e+09 -11.1592 -11.1092 0.185256
1.67421e+09 9.18649 6.3901 0.0964994
1.67421e+09 2.15943 -9.25928 0.0758405
1.67421e+09 -1.28139 -10.5688 0.211962
1.67421e+09 7.26752 19.1191 0.257964
1.67421e+09 7.57266 26.4846 0.276397
1.67421e+09 5.01781 23.9282 0.193983
