1687940889.87442136 8.98853016 5.4504981 0.307529449 0
1687940889.87442136 1.88060462 6.25524139 0.187581778 1
1687940889.87442136 -1.92671037 7.82210493 0.27066341 2
1687940889.87442136 -0.745442212 -5.15821171 0.115856797 3
1687940889.87442136 8.14805222 3.6221199 0.31885767 4
1687940889.87442136 1.94486213 -14.7645292 0.240774035 5
1687940889.87442136 5.92382193 -5.23499012 0.189422294 6
1687940889.87442136 -4.77298689 6.45045376 0.107169233 7
1687940889.87442136 -6.69494915 8.58537483 0.161981404 8
1687940889.87442136 -1.70613265 14.4416265 0.129300863 9
