1687940943.02739406 5.56181049 -2.66277933 0.247985899 0
1687940943.02739406 -1.05361342 -6.38889742 0.261966318 1
1687940943.02739406 7.001544 3.94443345 0.193939179 2
1687940943.02739406 1.57114923 5.92070723 0.0896426737 3
1687940943.02739406 -2.92860031 -10.8386698 0.265820652 4
1687940943.02739406 11.5833788 -4.3617363 0.17772758 5
1687940943.02739406 7.94031191 -5.40101719 0.208323509 6
1687940943.02739406 16.1484432 -2.10487461 0.179123193 7
1687940943.02739406 -4.70101833 -9.52247524 0.141763225 8
1687940943.02739406 2.12261319 9.87481403 0.16223231 9
1687940943.02739406 -10.6737413 -12.4783859 0.178155929 10
1687940943.02739406 -8.83537197 11.3672514 0.232083008 11
