1.67421e+09 -6.21256 -7.9224 0.341056
1.67421e+09 -6.97925 -8.91697 0.390308
1.67421e+09 -6.95571 -8.91575 0.387758
1.67421e+09 -6.88202 -8.80944 0.375448
1.67421e+09 -6.81547 -8.71066 0.363704
1.67421e+09 -6.75912 -8.62948 0.353909
1.67421e+09 8.76517 4.70499 0.267017
1.67421e+09 9.87937 5.28737 0.297703
1.67421e+09 9.8861 5.28626 0.297346
1.67421e+09 9.78842 5.22056 0.290913
1.67421e+09 9.70215 5.16098 0.286551
1.67421e+09 9.62638 5.11454 0.282085
1.67421e+09 9.56933 5.073 0.277997
1.67421e+09 9.52229 5.0366 0.27385
1.67421e+09 9.48605 5.007 0.272313
1.67421e+09 9.45483 4.9794 0.269188
1.67421e+09 -5.47169 4.20568 0.29087
1.67421e+09 -6.17382 4.72506 0.333854
1.67421e+09 -6.18117 4.72389 0.334141
1.67421e+09 -6.12489 4.65975 0.332042
1.67421e+09 -6.11926 4.65333 0.331832
1.67421e+09 -6.06325 4.60912 0.324235
1.67421e+09 -6.01893 4.55578 0.310093
1.67421e+09 12.972 -7.6372 0.270214
1.67421e+09 14.5709 -8.5909 0.305596
1.67421e+09 14.5783 -8.59052 0.315445
1.67421e+09 14.4491 -8.50069 0.317234
1.67421e+09 14.328 -8.40544 0.30818
1.67421e+09 14.2333 -8.33766 0.301991
1.67421e+09 -8.56272 -7.94419 0.162021
1.67421e+09 -9.62426 -8.9468 0.175119
1.67421e+09 -9.62278 -8.94907 0.167497
1.67421e+09 -9.51986 -8.84955 0.170444
1.67421e+09 -9.42773 -8.74431 0.169205
1.67421e+09 -9.34966 -8.67391 0.163479
1.67421e+09 -5.3176 12.2879 0.246937
1.67421e+09 -5.99981 13.8157 0.274825
1.67421e+09 -6.02041 13.8207 0.284397
1.67421e+09 8.32727 -8.89625 0.155649
1.67421e+09 9.38493 -10.0218 0.17221
1.67421e+09 9.41043 -10.0242 0.167149
1.67421e+09 9.31081 -9.91166 0.164112
1.67421e+09 9.24295 -9.82359 0.174423
1.67421e+09 9.18701 -9.74162 0.173464
1.67421e+09 9.14669 -9.67249 0.172298
1.67421e+09 9.0965 -9.6151 0.165565
1.67421e+09 9.06219 -9.56166 0.161044
1.67421e+09 13.9745 6.53092 0.188272
1.67421e+09 15.6764 7.3556 0.207644
1.67421e+09 15.6694 7.35805 0.202306
1.67421e+09 15.4678 7.27816 0.194759
1.67421e+09 15.2862 7.18268 0.201805
1.67421e+09 15.1729 7.11163 0.193722
1.67421e+09 15.0946 7.05347 0.188715
1.67421e+09 15.0402 6.99489 0.181712
1.67421e+09 10.6451 -8.54367 0.136666
1.67421e+09 11.9679 -9.61132 0.144764
1.67421e+09 11.9823 -9.61349 0.151113
1.67421e+09 11.8857 -9.49555 0.167001
1.67421e+09 11.7887 -9.38239 0.163942
1.67421e+09 -2.31956 15.7641 0.233705
1.67421e+09 -2.60765 17.7356 0.267461
1.67421e+09 12.9463 -17.2047 0.154937
1.67421e+09 14.5983 -19.3671 0.180428
1.67421e+09 14.6297 -19.3721 0.177592
1.67421e+09 14.5014 -19.1649 0.17467
1.67421e+09 14.3894 -18.9725 0.171339
1.67421e+09 14.3097 -18.821 0.175921
1.67421e+09 7.86151 6.4404 0.0871165
1.67421e+09 8.98459 7.36046 0.0995618
1.67421e+09 14.6262 16.2131 0.255066
1.67421e+09 16.4632 18.2221 0.281274
1.67421e+09 16.4782 18.1994 0.275927
1.67421e+09 16.3125 17.98 0.270006
1.67421e+09 -12.6055 12.8821 0.301872
1.67421e+09 3.08738 -15.7769 0.126653
1.67421e+09 3.47936 -17.7581 0.143491
1.67421e+09 16.5693 -14.9986 0.211152
1.67421e+09 21.2214 -24.3941 0.25023
1.67421e+09 23.0682 5.50109 0.233549
1.67421e+09 26.3637 6.28696 0.266913
1.67421e+09 26.3561 6.23107 0.274878
1.67421e+09 3.7378 24.0121 0.215407
