1674207971.97259092 8.78232193 -5.30328131 0.313587248 0
1674207971.97259092 7.5791688 3.49393463 0.230370596 1
1674207971.97259092 -5.34442234 8.51025009 0.282279134 2
1674207971.97259092 -0.276037067 -7.56710815 0.2299449 3
1674207971.97259092 17.3633842 -12.6347799 0.329757631 4
1674207971.97259092 0.919489741 -10.7959213 0.251443863 5
1674207971.97259092 10.4477472 -17.0947723 0.251970649 6
1674207971.97259092 -9.21857357 12.276885 0.264230937 7
1674207971.97259092 21.2230549 4.03787279 0.264959663 8
1674207971.97259092 1.88836491 16.4776478 0.289808035 9
1674207971.97259092 -9.11872959 -4.29827881 0.183533937 10
1674207971.97259092 -12.2411318 9.02359676 0.171478227 11
1674207971.97259092 -12.5802603 -11.7127361 0.134987578 12
