1687940943.53171921 6.1911974 -2.59016156 0.262631267 0
1687940943.53171921 -2.21109819 -10.8617373 0.285724044 1
1687940943.53171921 -1.10218191 8.75727272 0.198609173 2
1687940943.53171921 7.56718016 4.00491762 0.17812264 3
1687940943.53171921 2.10026121 5.95026016 0.093969658 4
1687940943.53171921 12.199379 -4.2329483 0.178024486 5
1687940943.53171921 -10.0103598 -12.5474186 0.213721067 6
1687940943.53171921 16.7956371 -1.93440056 0.20435822 7
1687940943.53171921 -3.93095756 -9.53401184 0.129236028 8
1687940943.53171921 1.14458644 -9.15540409 0.146713316 9
1687940943.53171921 0.589839101 -7.65359211 0.117246769 10
1687940943.53171921 2.55738115 9.93770027 0.118013769 11
