1687940942.01879358 5.94565582 3.62553763 0.178665012 0
1687940942.01879358 -2.53776598 8.73344326 0.18815355 1
1687940942.01879358 6.67521858 -5.62933207 0.260940671 2
1687940942.01879358 0.528052509 5.80153561 0.0913628712 3
1687940942.01879358 10.2177877 -4.7240634 0.179583192 4
1687940942.01879358 14.9258289 -2.61421037 0.204611316 5
1687940942.01879358 3.78814387 -10.2055979 0.129393876 6
1687940942.01879358 -2.66054893 -6.41430807 0.161746278 7
1687940942.01879358 10.4969692 12.1796789 0.229594439 8
1687940942.01879358 -1.74329841 -7.76247978 0.12595959 9
1687940942.01879358 5.49925995 3.18150306 0.0779192373 10
1687940942.01879358 1.26797462 9.76004505 0.113917425 11
1687940942.01879358 -1.26129425 -9.28948116 0.215149805 12
1687940942.01879358 -6.22418356 -9.36132908 0.10864035 13
1687940942.01879358 7.61936474 -18.2752419 0.240726694 14
1687940942.01879358 -12.1988764 -12.1467743 0.174226955 15
