1.67421e+09 1.44621 -6.00862 0.28133
1.67421e+09 1.61042 -6.77237 0.312245
1.67421e+09 1.59689 -6.78177 0.308018
1.67421e+09 1.56866 -6.71366 0.30215
1.67421e+09 1.55758 -6.63456 0.295597
1.67421e+09 1.55366 -6.56694 0.291561
1.67421e+09 1.53648 -6.5282 0.28794
1.67421e+09 1.52743 -6.48725 0.284012
1.67421e+09 1.52904 -6.44113 0.281094
1.67421e+09 1.52144 -6.41106 0.277855
1.67421e+09 12.2929 -6.8104 0.360504
1.67421e+09 13.8606 -7.65584 0.405911
1.67421e+09 14.0566 -7.76152 0.411587
1.67421e+09 13.9144 -7.65346 0.403458
1.67421e+09 13.769 -7.54103 0.392341
1.67421e+09 13.6535 -7.44707 0.384811
1.67421e+09 13.5325 -7.38511 0.378009
1.67421e+09 13.458 -7.31663 0.369897
1.67421e+09 13.4025 -7.25689 0.362267
1.67421e+09 2.76345 7.93207 0.171642
1.67421e+09 3.11417 8.94498 0.202804
1.67421e+09 3.12617 8.96965 0.213845
1.67421e+09 3.11094 8.88841 0.211974
1.67421e+09 3.06873 8.78817 0.207585
1.67421e+09 3.03587 8.70797 0.205099
1.67421e+09 3.01707 8.64872 0.205395
1.67421e+09 3.01375 8.60174 0.199238
1.67421e+09 3.00624 8.5655 0.198265
1.67421e+09 3.00574 8.56308 0.1982
1.67421e+09 8.59955 -10.6035 0.285222
1.67421e+09 9.6882 -11.9206 0.314115
1.67421e+09 9.70403 -11.9109 0.307968
1.67421e+09 9.61399 -11.7703 0.299949
1.67421e+09 9.53325 -11.6381 0.291686
1.67421e+09 9.47291 -11.5271 0.286051
1.67421e+09 9.42773 -11.4348 0.283029
1.67421e+09 9.34722 -11.3648 0.281818
1.67421e+09 -4.37523 -11.6991 0.28148
1.67421e+09 -4.93285 -13.1761 0.314259
1.67421e+09 -4.93478 -13.1748 0.313567
1.67421e+09 -4.88577 -13.049 0.308891
1.67421e+09 14.2206 4.43449 0.209956
1.67421e+09 15.9919 4.97864 0.229309
1.67421e+09 16.0006 4.97729 0.224799
1.67421e+09 15.8489 4.9462 0.236996
1.67421e+09 15.7148 4.9146 0.242185
1.67421e+09 15.604 4.88094 0.237348
1.67421e+09 15.5948 4.87814 0.236945
1.67421e+09 15.5141 4.84253 0.231956
1.67421e+09 9.11028 4.50924 0.128333
1.67421e+09 10.2412 5.07374 0.143009
1.67421e+09 10.242 5.07315 0.143533
1.67421e+09 10.1314 5.01197 0.140597
1.67421e+09 10.0041 4.96381 0.136835
1.67421e+09 9.9471 4.92879 0.146844
1.67421e+09 9.88769 4.88621 0.14187
1.67421e+09 9.83143 4.85018 0.139419
1.67421e+09 9.78518 4.81949 0.136872
1.67421e+09 9.75588 4.79606 0.134384
1.67421e+09 4.91665 5.3011 0.0936462
1.67421e+09 5.5245 5.96364 0.104831
1.67421e+09 5.52915 5.94027 0.108773
1.67421e+09 5.48986 5.87174 0.108102
1.67421e+09 5.48593 5.86489 0.108035
1.67421e+09 5.46379 5.80442 0.10398
1.67421e+09 5.41608 5.77429 0.121509
1.67421e+09 5.3813 5.72369 0.121254
1.67421e+09 5.34879 5.66778 0.132233
1.67421e+09 5.32017 5.61297 0.145949
1.67421e+09 8.44141 15.4721 0.311669
1.67421e+09 9.51391 17.4295 0.353532
1.67421e+09 9.64797 17.6742 0.358765
1.67421e+09 9.51039 17.4334 0.349401
1.67421e+09 -7.75145 6.67505 0.190959
1.67421e+09 -8.7355 7.50681 0.219907
1.67421e+09 -8.71816 7.51149 0.214859
1.67421e+09 19.8961 15.8704 0.234
1.67421e+09 22.4205 17.8702 0.267326
1.67421e+09 22.4257 17.8709 0.269504
1.67421e+09 22.1885 17.675 0.247367
1.67421e+09 -6.66725 10.8839 0.20918
1.67421e+09 -7.49921 12.2439 0.232018
1.67421e+09 -7.47644 12.2773 0.227592
1.67421e+09 -7.36635 12.1757 0.220765
1.67421e+09 -2.59946 -17.6907 0.290021
1.67421e+09 -3.0343 14.7797 0.253278
1.67421e+09 -3.42138 16.6274 0.283979
1.67421e+09 -3.41256 16.6672 0.283522
1.67421e+09 4.35617 -14.2791 0.155811
1.67421e+09 4.87294 -16.0866 0.171491
1.67421e+09 4.87121 -16.0908 0.168231
1.67421e+09 4.84647 -15.8895 0.164092
1.67421e+09 11.7487 11.6979 0.234075
1.67421e+09 13.2309 13.1645 0.254245
