1.67421e+09 5.63437 -8.13853 0.254974
1.67421e+09 6.36575 -9.14474 0.284057
1.67421e+09 6.34128 -9.15311 0.284043
1.67421e+09 6.25014 -9.05614 0.27822
1.67421e+09 6.174 -8.96475 0.273546
1.67421e+09 6.13996 -8.88223 0.269904
1.67421e+09 6.12108 -8.81372 0.27053
1.67421e+09 6.11029 -8.74942 0.263695
1.67421e+09 6.09846 -8.69484 0.260129
1.67421e+09 6.08322 -8.63922 0.250422
1.67421e+09 0.906666 8.12001 0.274396
1.67421e+09 1.0192 9.13565 0.305846
1.67421e+09 1.01863 9.14012 0.303061
1.67421e+09 0.996839 9.02401 0.287748
1.67421e+09 6.73542 -11.3194 0.302625
1.67421e+09 7.57505 -12.7299 0.336755
1.67421e+09 7.58871 -12.7311 0.33206
1.67421e+09 7.52824 -12.5949 0.324373
1.67421e+09 7.47545 -12.4684 0.316542
1.67421e+09 7.42102 -12.3596 0.30827
1.67421e+09 7.37726 -12.2742 0.303635
1.67421e+09 7.3556 -12.2014 0.298127
1.67421e+09 14.7423 -5.97327 0.283674
1.67421e+09 16.5513 -6.63279 0.330208
1.67421e+09 16.5866 -6.57537 0.328139
1.67421e+09 16.4335 -6.45495 0.319253
1.67421e+09 16.2564 -6.40735 0.313001
1.67421e+09 16.1185 -6.31149 0.297633
1.67421e+09 -6.04543 8.71644 0.231046
1.67421e+09 -6.79962 9.81203 0.255785
1.67421e+09 -6.79108 9.82106 0.251415
1.67421e+09 -6.71237 9.71719 0.244339
1.67421e+09 -6.63723 9.62107 0.237395
1.67421e+09 -6.57291 9.5437 0.232659
1.67421e+09 -6.51729 9.48069 0.22895
1.67421e+09 13.7125 2.78161 0.213508
1.67421e+09 15.4134 3.15408 0.241971
1.67421e+09 15.404 3.17011 0.24161
1.67421e+09 15.2265 3.14453 0.237266
1.67421e+09 15.056 3.10031 0.229061
1.67421e+09 8.80323 15.8646 0.326265
1.67421e+09 9.89707 17.8522 0.365418
1.67421e+09 10.0338 18.1007 0.370312
1.67421e+09 9.90856 17.8789 0.355983
1.67421e+09 9.78215 17.656 0.342166
1.67421e+09 -2.8328 11.9594 0.249359
1.67421e+09 -3.19841 13.4535 0.283934
1.67421e+09 -3.22266 13.4396 0.287623
1.67421e+09 -3.22535 13.4381 0.288032
1.67421e+09 -12.9495 10.8869 0.264413
1.67421e+09 -14.7994 12.4422 0.302187
1.67421e+09 1.33194 8.09733 0.289471
1.67421e+09 1.49722 9.11614 0.325071
1.67421e+09 1.51789 9.24349 0.329522
1.67421e+09 16.1272 -17.8154 0.250323
1.67421e+09 18.196 -20.0424 0.277842
1.67421e+09 18.1586 -20.0367 0.28117
1.67421e+09 17.944 -19.8077 0.27464
1.67421e+09 17.8085 -19.5989 0.264389
1.67421e+09 -4.73523 -6.16291 0.16049
