1687940953.92027164 5.45063639 -4.69573069 0.192979351 0
1687940953.92027164 -3.85451984 -8.60118771 0.22275728 1
1687940953.92027164 0.723844409 -12.1788549 0.275136054 2
1687940953.92027164 2.89511871 -5.17317295 0.0909083635 3
1687940953.92027164 5.17517233 11.2989826 0.236704186 4
1687940953.92027164 8.71594334 -11.452673 0.303494841 5
1687940953.92027164 -3.91563797 -7.86246157 0.113233201 6
1687940953.92027164 8.53033829 3.49340034 0.0896547139 7
1687940953.92027164 7.1267786 -9.89145851 0.116364211 8
1687940953.92027164 -3.68680143 7.29775667 0.10226509 9
