1674207975.90611744 5.5738039 4.3453083 0.261843145 0
1674207975.90611744 0.651945353 -12.183569 0.289294183 1
1674207975.90611744 11.9965639 -8.70699215 0.294210225 2
1674207975.90611744 6.53013897 10.5356274 0.259189725 3
1674207975.90611744 -7.20621729 -4.39050102 0.28664729 4
1674207975.90611744 16.5469227 -6.88408756 0.344831198 5
1674207975.90611744 -3.09135556 7.84631109 0.182925433 6
1674207975.90611744 -8.02718544 4.60983181 0.192664519 7
1674207975.90611744 15.0786686 -17.2646065 0.305897832 8
1674207975.90611744 -4.81662416 6.2864089 0.17321752 9
1674207975.90611744 2.40041471 -14.1719408 0.188465834 10
1674207975.90611744 7.65670252 5.16489029 0.0998483077 11
1674207975.90611744 0.235773221 9.13427925 0.176967502 12
1674207975.90611744 0.234389678 12.1073122 0.254564553 13
