1674207936.16734028 1.41990364 -6.00100231 0.250949532 0
1674207936.16734028 12.4383736 -6.73549414 0.339668691 1
1674207936.16734028 2.81070065 8.002141 0.196213201 2
1674207936.16734028 8.67116928 -10.5475492 0.259525567 3
1674207936.16734028 -4.39508915 -11.7159443 0.262247592 4
1674207936.16734028 9.10646057 4.4799428 0.126047149 5
1674207936.16734028 14.3024588 4.44463062 0.212313727 6
1674207936.16734028 5.00180244 5.25745821 0.117340088 7
1674207936.16734028 8.42161465 15.4186001 0.293418258 8
1674207936.16734028 -7.74628878 6.67171812 0.190021664 9
1674207936.16734028 -6.61297846 10.9442081 0.197574168 10
1674207936.16734028 -3.04841423 14.7554646 0.231171593 11
1674207936.16734028 -2.57790065 -17.6820011 0.324553192 12
1674207936.16734028 3.36514544 11.0562077 0.120616876 13
1674207936.16734028 4.34486675 -14.3233185 0.166107804 14
1674207936.16734028 11.7683105 11.7113304 0.232863292 15
1674207936.16734028 19.9533348 15.894989 0.262077004 16
