1687940951.39875484 0.430380046 -5.15953064 0.095270291 0
1687940951.39875484 2.55264878 11.3432837 0.239382163 1
1687940951.39875484 9.51766109 7.90543318 0.202695057 2
1687940951.39875484 5.84869719 3.60312653 0.104473747 3
1687940951.39875484 0.910887659 -6.97526598 0.0961128324 4
1687940951.39875484 6.09252882 -11.2871866 0.282889783 5
1687940951.39875484 -2.94529819 -7.39490414 0.111834101 6
1687940951.39875484 -1.80448115 -12.1093082 0.196540281 7
1687940951.39875484 8.10353088 -6.96078348 0.168025181 8
1687940951.39875484 4.64909601 -9.82035446 0.142553359 9
