1.67421e+09 8.99346 -6.36425 0.359773
1.67421e+09 10.0972 -7.15212 0.406334
1.67421e+09 10.0769 -7.14495 0.396335
1.67421e+09 9.98174 -7.06372 0.391462
1.67421e+09 9.90363 -6.99046 0.390997
1.67421e+09 9.84203 -6.92827 0.388719
1.67421e+09 9.79131 -6.87322 0.383932
1.67421e+09 9.74928 -6.82409 0.377521
1.67421e+09 9.71586 -6.7815 0.37187
1.67421e+09 9.66236 -6.74832 0.371252
1.67421e+09 -1.82299 -5.72299 0.241535
1.67421e+09 -2.05685 -6.4412 0.267558
1.67421e+09 -2.04421 -6.42966 0.265512
1.67421e+09 -2.02901 -6.36556 0.263364
1.67421e+09 5.25257 -10.1955 0.257292
1.67421e+09 5.92975 -11.4712 0.288607
1.67421e+09 5.95016 -11.4708 0.285387
1.67421e+09 5.90396 -11.3415 0.279049
1.67421e+09 5.8652 -11.2243 0.274509
1.67421e+09 5.79668 -11.1238 0.271611
1.67421e+09 5.75815 -11.0446 0.268822
1.67421e+09 5.74169 -10.9755 0.265657
1.67421e+09 5.69356 -10.9083 0.261071
1.67421e+09 5.65437 -10.8564 0.259616
1.67421e+09 5.60579 4.89407 0.140724
1.67421e+09 6.30776 5.503 0.157412
1.67421e+09 6.29799 5.48024 0.152521
1.67421e+09 6.29691 5.47771 0.151978
1.67421e+09 6.20273 5.43139 0.152488
1.67421e+09 6.12738 5.38914 0.154604
1.67421e+09 6.06873 5.34609 0.150872
1.67421e+09 6.02167 5.30485 0.145355
1.67421e+09 5.98969 5.25931 0.140107
1.67421e+09 5.95269 5.20779 0.147734
1.67421e+09 -5.234 4.43331 0.159975
1.67421e+09 -5.88766 4.97752 0.181439
1.67421e+09 -5.96936 5.04555 0.184122
1.67421e+09 -5.89751 4.98509 0.178581
1.67421e+09 -5.82009 4.91798 0.173527
1.67421e+09 -5.76235 4.88266 0.182689
1.67421e+09 -5.71137 4.84389 0.176232
1.67421e+09 10.7353 4.94156 0.224859
1.67421e+09 12.0912 5.55488 0.249636
1.67421e+09 12.0529 5.54741 0.243517
1.67421e+09 11.8851 5.4806 0.235452
1.67421e+09 11.7569 5.41734 0.228264
1.67421e+09 11.6564 5.36411 0.222884
1.67421e+09 11.648 5.35967 0.222436
1.67421e+09 11.5792 5.32189 0.217303
1.67421e+09 11.5347 5.29398 0.216397
1.67421e+09 11.4779 5.26254 0.212875
1.67421e+09 14.2933 -9.18454 0.323118
1.67421e+09 16.3352 -10.4966 0.369278
1.67421e+09 16.3587 -10.4779 0.361819
1.67421e+09 16.3617 -10.4756 0.360887
1.67421e+09 16.1036 -10.308 0.358711
1.67421e+09 -7.53672 -11.5739 0.252875
1.67421e+09 -8.48815 -13.0325 0.283702
1.67421e+09 -8.4947 -13.0487 0.280669
1.67421e+09 -8.39041 -12.8927 0.27884
1.67421e+09 1.54681 5.59397 0.117054
1.67421e+09 1.72554 6.29331 0.126294
1.67421e+09 14.6503 5.87384 0.196316
1.67421e+09 16.5135 6.62546 0.221474
1.67421e+09 16.5526 6.64475 0.223038
1.67421e+09 16.3421 6.55483 0.221687
1.67421e+09 16.2091 6.50389 0.216372
1.67421e+09 16.1068 6.46539 0.208171
1.67421e+09 16.0222 6.43963 0.20159
1.67421e+09 8.09567 12.1317 0.245312
1.67421e+09 9.13678 13.6584 0.272851
1.67421e+09 9.14525 13.6627 0.270371
1.67421e+09 9.04742 13.5128 0.266553
1.67421e+09 8.97823 13.384 0.276962
1.67421e+09 8.90683 13.2451 0.263373
1.67421e+09 4.68328 15.7144 0.269095
1.67421e+09 5.28937 17.6376 0.284405
1.67421e+09 5.32712 17.5946 0.283626
1.67421e+09 -0.381392 5.06082 0.12098
1.67421e+09 18.7421 11.0071 0.255498
1.67421e+09 21.0831 12.3807 0.286462
1.67421e+09 21.0819 12.3723 0.278093
1.67421e+09 9.40179 -23.0535 0.275326
1.67421e+09 -6.73984 14.809 0.243238
1.67421e+09 -7.55336 16.6873 0.267246
1.67421e+09 -11.2345 6.7011 0.212206
1.67421e+09 -12.6182 7.54031 0.226211
1.67421e+09 -10.2342 11.0104 0.238853
1.67421e+09 10.759 6.69222 0.132808
1.67421e+09 16.177 16.4279 0.235742
1.67421e+09 18.2247 18.4751 0.26205
1.67421e+09 18.23 18.4771 0.268082
1.67421e+09 18.052 18.2678 0.262977
1.67421e+09 17.9002 18.0834 0.263039
1.67421e+09 26.2601 2.73241 0.273284
1.67421e+09 29.5836 3.117 0.312288
1.67421e+09 29.6046 3.16877 0.297671
1.67421e+09 1.34615 -14.0368 0.182369
1.67421e+09 1.51903 -15.7805 0.199516
1.67421e+09 1.53725 -15.7624 0.192618
