1687940949.78500795 -1.29515719 -5.18526506 0.0876467079 0
1687940949.78500795 1.0030247 11.3271608 0.24580729 1
1687940949.78500795 6.50670719 -7.16261673 0.212146088 2
1687940949.78500795 7.8966713 7.8576231 0.200895593 3
1687940949.78500795 -0.797498405 -6.99161196 0.122672319 4
1687940949.78500795 -7.80906582 -8.64848137 0.212201014 5
1687940949.78500795 1.80856156 -5.10765171 0.125824779 6
1687940949.78500795 -3.3175478 -12.1729345 0.182714775 7
1687940949.78500795 13.7389851 -4.14250755 0.222090334 8
1687940949.78500795 4.60229063 -11.4512081 0.305112153 9
1687940949.78500795 7.98940611 -10.1215372 0.127085388 10
