1674207949.17827249 2.34275222 -8.37361526 0.346095562 0
1674207949.17827249 17.2713375 4.27691698 0.213922486 1
1674207949.17827249 9.79485321 3.83973646 0.256247163 2
1674207949.17827249 -9.20006561 -7.6721077 0.268143594 3
1674207949.17827249 5.75612164 -10.9372606 0.176925808 4
1674207949.17827249 2.96482015 11.9188976 0.276823878 5
1674207949.17827249 -4.34847116 12.3872776 0.288411915 6
1674207949.17827249 -8.47936344 7.39058304 0.199187428 7
1674207949.17827249 5.91098881 15.3360119 0.244941518 8
1674207949.17827249 -3.86084461 -11.5729866 0.162305549 9
1674207949.17827249 -3.03375101 6.76530361 0.126787886 10
1674207949.17827249 -7.35662317 -17.2675533 0.232421726 11
1674207949.17827249 22.9966564 15.8262339 0.250029981 12
