1.67421e+09 8.11155 3.97738 0.307039
1.67421e+09 9.11005 4.47955 0.340225
1.67421e+09 9.09507 4.48888 0.337395
1.67421e+09 8.99288 4.44062 0.331652
1.67421e+09 -2.15474 -7.92191 0.30257
1.67421e+09 -2.41776 -8.90632 0.342718
1.67421e+09 -2.43531 -8.92602 0.344146
1.67421e+09 20.8425 -9.55554 0.264768
1.67421e+09 23.469 -10.7217 0.291754
1.67421e+09 23.5052 -10.6658 0.283807
1.67421e+09 23.5092 -10.6595 0.282924
1.67421e+09 23.2951 -10.49 0.284214
1.67421e+09 9.41157 10.1456 0.253443
1.67421e+09 10.7561 11.595 0.28965
1.67421e+09 10.7371 11.6085 0.287277
1.67421e+09 0.0697531 10.694 0.236607
1.67421e+09 0.0710299 12.0257 0.26378
1.67421e+09 0.078954 12.0146 0.253279
1.67421e+09 0.916358 -16.3246 0.307676
1.67421e+09 1.04558 -18.3644 0.354554
