1687940922.65375662 -2.8365252 -5.6700716 0.219698191 0
1687940922.65375662 -0.157295153 8.33743095 0.216662854 1
1687940922.65375662 10.8029137 -3.18017864 0.243503094 2
1687940922.65375662 6.79032946 5.81895685 0.208213255 3
1687940922.65375662 -6.01965618 4.61634779 0.277310789 4
1687940922.65375662 7.7958169 -3.53688622 0.128143415 5
1687940922.65375662 10.9826088 -6.45235157 0.153799921 6
1687940922.65375662 -3.42062616 16.2749729 0.230779022 7
1687940922.65375662 8.00061321 11.0999775 0.208426207 8
1687940922.65375662 -5.20845747 8.73561859 0.102310434 9
