1687940926.38556004 5.30178738 2.72009134 0.191679344 0
1687940926.38556004 1.71313989 -5.521873 0.233663008 1
1687940926.38556004 4.26637077 8.51490116 0.200714111 2
1687940926.38556004 6.36635303 -2.62968206 0.191400841 3
1687940926.38556004 15.2916718 -2.83650708 0.256452084 4
1687940926.38556004 5.51681948 -2.26182032 0.0944047496 5
1687940926.38556004 -0.924913824 8.84277248 0.116517179 6
1687940926.38556004 0.778870225 16.3935871 0.239739999 7
1687940926.38556004 12.2768068 -3.20735168 0.140960798 8
1687940926.38556004 -0.944561899 -6.13979578 0.11530219 9
