1687940957.55119181 8.26242256 -4.76876831 0.227471665 0
1687940957.55119181 -1.01726949 -8.69856739 0.235167757 1
1687940957.55119181 2.20144582 -7.39208794 0.11195451 2
1687940957.55119181 -1.09341121 -7.94978333 0.0977117494 3
1687940957.55119181 -7.72950268 10.0648594 0.199610576 4
1687940957.55119181 -7.55943918 -8.1988821 0.182211474 5
1687940957.55119181 -0.993097663 7.22719812 0.0899451673 6
1687940957.55119181 7.99620152 11.224309 0.258383453 7
1687940957.55119181 11.2136469 3.50086355 0.100952178 8
1687940957.55119181 0.391544193 9.64799309 0.119910188 9
1687940957.55119181 -5.37889719 -20.9252205 0.22626169 10
1687940957.55119181 -9.60625648 -13.8479624 0.159403041 11
1687940957.55119181 3.24377823 -12.0490437 0.141246513 12
