1.67421e+09 10.2216 -6.39505 0.340571
1.67421e+09 6.42877 -10.2294 0.213269
1.67421e+09 -0.674172 -5.76529 0.240279
1.67421e+09 6.71722 4.7681 0.130663
1.67421e+09 11.8779 4.8095 0.194194
1.67421e+09 2.61838 5.55784 0.113147
1.67421e+09 -6.42767 -11.592 0.261957
1.67421e+09 5.90008 15.6866 0.295365
1.67421e+09 0.46704 8.23116 0.169758
1.67421e+09 -9.01274 10.9927 0.210978
1.67421e+09 10.4702 -23.1707 0.276434
1.67421e+09 -5.55472 14.8265 0.269338
1.67421e+09 2.40812 -14.0909 0.168675
1.67421e+09 -4.55123 -17.5655 0.282605
1.67421e+09 15.5942 -9.06064 0.228612
1.67421e+09 9.37809 12.0862 0.235169
1.67421e+09 -10.0594 6.69858 0.16305
1.67421e+09 17.4543 16.3287 0.239804
1.67421e+09 11.936 6.61884 0.105685
1.67421e+09 27.5286 2.68776 0.30096
