1674207966.42528152 -1.6314441 -6.88610458 0.2916134 0
1674207966.42528152 5.01416636 10.0158548 0.308949083 1
1674207966.42528152 -6.38579512 9.56154442 0.337252378 2
1674207966.42528152 -8.85885715 -11.5398502 0.331311226 3
1674207966.42528152 6.69620514 -6.9684124 0.19758074 4
1674207966.42528152 12.0284109 7.86020994 0.191692218 5
1674207966.42528152 1.04580653 9.4117384 0.184257433 6
1674207966.42528152 7.72912741 -12.7005329 0.292126536 7
1674207966.42528152 15.2350092 11.0828028 0.255107552 8
1674207966.42528152 -0.206368938 14.2207441 0.25443241 9
1674207966.42528152 -7.29929876 14.4000311 0.270171434 10
1674207966.42528152 18.9085083 7.24591827 0.234062016 11
1674207966.42528152 -15.1124964 7.46166229 0.234099761 12
1674207966.42528152 11.6268539 21.0373116 0.267647505 13
