1687940919.82969952 8.04848385 -2.71062779 0.247791484 0
1687940919.82969952 3.8670404 6.17451382 0.192016616 1
1687940919.82969952 -3.11108756 8.56520176 0.206157908 2
1687940919.82969952 8.21346951 -5.91030169 0.151533827 3
1687940919.82969952 15.6182032 -3.348876 0.230907157 4
1687940919.82969952 8.66742802 6.12167311 0.157305554 5
1687940919.82969952 3.97400618 -12.2247334 0.179916084 6
1687940919.82969952 5.19309473 -3.11237526 0.145727709 7
1687940919.82969952 -3.93806958 -9.30586529 0.141147345 8
1687940919.82969952 5.06112909 11.5165653 0.172555357 9
1687940919.82969952 14.5833473 5.06172132 0.182344154 10
