1.67421e+09 -3.94082 5.94017 0.228653
1.67421e+09 -4.4116 6.69114 0.271014
1.67421e+09 -4.39534 6.682 0.265468
1.67421e+09 -4.35623 6.60588 0.257441
1.67421e+09 -4.32144 6.53984 0.250977
1.67421e+09 -4.29281 6.49377 0.254906
1.67421e+09 -4.24972 6.44189 0.249441
1.67421e+09 0.204071 -8.24547 0.302316
1.67421e+09 11.8346 3.58923 0.26446
1.67421e+09 13.3343 4.05363 0.295254
1.67421e+09 13.3589 4.07352 0.294396
1.67421e+09 13.2266 4.04788 0.28536
1.67421e+09 13.1106 4.02645 0.280555
1.67421e+09 13.0209 4.01251 0.277865
1.67421e+09 12.9469 4.00387 0.273933
1.67421e+09 12.8861 4.00016 0.269072
1.67421e+09 12.8216 3.98198 0.264613
1.67421e+09 12.7789 3.98116 0.260577
1.67421e+09 11.7604 -8.40608 0.335265
1.67421e+09 13.1935 -9.45457 0.375485
1.67421e+09 13.1714 -9.45523 0.357345
1.67421e+09 13.0582 -9.34328 0.341593
1.67421e+09 0.475196 6.97029 0.248559
1.67421e+09 0.522856 7.83041 0.275981
1.67421e+09 0.538481 7.83715 0.277998
1.67421e+09 0.552804 7.75361 0.271083
1.67421e+09 4.46593 12.024 0.258882
1.67421e+09 5.02529 13.5254 0.288965
1.67421e+09 5.03421 13.5199 0.289064
1.67421e+09 4.98731 13.3623 0.285408
1.67421e+09 4.94531 13.2196 0.281724
1.67421e+09 4.9126 13.1004 0.276809
1.67421e+09 16.4471 -5.88168 0.282493
1.67421e+09 18.5914 -6.61003 0.328483
1.67421e+09 18.6145 -6.55804 0.340033
1.67421e+09 18.6171 -6.55226 0.341317
1.67421e+09 5.3684 -11.8084 0.177539
1.67421e+09 6.03685 -13.2788 0.197036
1.67421e+09 6.0447 -13.2834 0.196858
1.67421e+09 6.00175 -13.1437 0.192449
1.67421e+09 5.96649 -13.0165 0.189032
1.67421e+09 5.94758 -12.9091 0.185979
1.67421e+09 5.91356 -12.8197 0.182433
1.67421e+09 5.9063 -12.7483 0.182395
1.67421e+09 5.89958 -12.6845 0.176954
1.67421e+09 18.9701 4.0432 0.265787
1.67421e+09 21.3597 4.56164 0.301137
1.67421e+09 21.3809 4.57679 0.299281
1.67421e+09 21.1627 4.54251 0.29299
1.67421e+09 20.9711 4.51749 0.29186
1.67421e+09 20.9537 4.51521 0.291757
1.67421e+09 20.7746 4.46784 0.290657
1.67421e+09 20.6428 4.4495 0.283929
1.67421e+09 5.9293 6.3869 0.0923126
1.67421e+09 6.67755 7.19563 0.103073
1.67421e+09 6.6711 7.18707 0.104703
1.67421e+09 6.59295 7.09632 0.105505
1.67421e+09 6.53285 7.02726 0.104665
1.67421e+09 6.46794 6.95998 0.101164
1.67421e+09 6.41838 6.90933 0.0992519
1.67421e+09 6.38624 6.87215 0.101328
1.67421e+09 6.354 6.82963 0.100106
1.67421e+09 9.17115 -8.49904 0.202804
1.67421e+09 10.3217 -9.58142 0.218714
1.67421e+09 10.3531 -9.54161 0.228821
1.67421e+09 10.2383 -9.44663 0.21966
1.67421e+09 10.1382 -9.3176 0.208776
1.67421e+09 10.0399 -9.2336 0.206509
1.67421e+09 2.33275 -17.5151 0.250591
1.67421e+09 11.7634 11.8217 0.292724
1.67421e+09 13.2344 13.2996 0.308595
1.67421e+09 13.2481 13.3122 0.301469
1.67421e+09 -3.68618 7.67298 0.0745533
1.67421e+09 26.3904 4.73942 0.246161
1.67421e+09 -8.88783 5.86659 0.160024
