1.67421e+09 8.00659 3.99654 0.315446
1.67421e+09 8.98601 4.4847 0.340748
1.67421e+09 8.98814 4.4806 0.33897
1.67421e+09 8.89224 4.43171 0.33505
1.67421e+09 8.79523 4.39044 0.329715
1.67421e+09 8.71898 4.35656 0.32584
1.67421e+09 -2.17846 -7.86803 0.327166
1.67421e+09 -2.47062 -8.87016 0.362047
1.67421e+09 -2.48112 -8.87612 0.357087
1.67421e+09 9.32882 10.1747 0.268493
1.67421e+09 10.4703 11.4349 0.286641
1.67421e+09 10.4517 11.441 0.280506
1.67421e+09 10.311 11.2839 0.273414
1.67421e+09 10.1968 11.1742 0.268171
1.67421e+09 10.0955 11.0608 0.25785
1.67421e+09 -0.0257315 10.6092 0.203001
1.67421e+09 -0.00198441 11.9408 0.224126
1.67421e+09 6.72369 11.3204 0.203517
1.67421e+09 7.60387 12.7306 0.21634
1.67421e+09 0.834504 -16.2965 0.293923
1.67421e+09 20.735 -9.61245 0.278207
1.67421e+09 23.3683 -10.7566 0.302542
1.67421e+09 23.6975 -10.8996 0.305584
1.67421e+09 23.4302 -10.7442 0.302553
1.67421e+09 23.1579 -10.5545 0.284657
1.67421e+09 14.7468 5.55104 0.137041
1.67421e+09 16.8535 6.34404 0.156618
