1687940922.14945698 -3.23350263 -5.58625269 0.191051111 0
1687940922.14945698 10.3207197 -3.01990199 0.263632834 1
1687940922.14945698 6.17765379 5.91576385 0.224086061 2
1687940922.14945698 -0.746628523 8.40583611 0.211548194 3
1687940922.14945698 7.28028679 -3.38941669 0.139632359 4
1687940922.14945698 -6.51149273 4.61451674 0.232461974 5
1687940922.14945698 -1.79610384 -9.51921558 0.132053986 6
1687940922.14945698 -4.07924366 16.3278942 0.257788301 7
1687940922.14945698 7.38361216 11.249259 0.197223783 8
1687940922.14945698 -5.84401798 8.76203728 0.105784275 9
1687940922.14945698 10.3556662 -6.2076273 0.150558725 10
1687940922.14945698 7.85554504 10.1026859 0.100439757 11
1687940922.14945698 0.557648957 -18.5654182 0.152114779 12
