1687940941.41364813 5.85514212 -5.81063461 0.217592537 0
1687940941.41364813 -3.15354037 8.72742367 0.186537147 1
1687940941.41364813 5.28081846 3.57884574 0.174538866 2
1687940941.41364813 9.49509716 -4.79968691 0.18091996 3
1687940941.41364813 -0.118680701 5.7699399 0.0882236138 4
1687940941.41364813 14.203474 -2.7284224 0.185162231 5
1687940941.41364813 9.39842033 3.85479426 0.169553801 6
1687940941.41364813 2.80084157 -10.2600384 0.137837559 7
1687940941.41364813 0.614683986 9.78484821 0.150903851 8
1687940941.41364813 9.91766167 12.1244287 0.268153608 9
1687940941.41364813 -7.10690737 -9.28347111 0.120799944 10
