1674207949.68257046 5.76360321 -5.98273563 0.335665017 0
1674207949.68257046 8.11625576 3.86676097 0.260233343 1
1674207949.68257046 0.699138522 -8.2596302 0.316194057 2
1674207949.68257046 15.5613565 4.33466005 0.238158315 3
1674207949.68257046 4.0635047 -10.8977327 0.162447736 4
1674207949.68257046 -6.00351906 12.4528446 0.301871121 5
1674207949.68257046 1.30807042 11.9097557 0.244881257 6
1674207949.68257046 -4.69492626 6.73980856 0.136308715 7
1674207949.68257046 -1.82557487 -8.33255005 0.147133768 8
1674207949.68257046 -5.56156063 -11.5217724 0.153040141 9
1674207949.68257046 -10.1111202 7.44020176 0.191203699 10
1674207949.68257046 15.472868 -9.19952106 0.138569459 11
1674207949.68257046 21.2797356 15.8438311 0.247725159 12
1674207949.68257046 -16.5211201 13.8596191 0.257715315 13
