1.67421e+09 -3.48997 -5.43978 0.306603
1.67421e+09 -3.98854 -6.21689 0.350404
1.67421e+09 -3.99068 -6.17289 0.327574
1.67421e+09 6.4686 4.82396 0.268242
1.67421e+09 7.28909 5.42535 0.299479
1.67421e+09 7.30465 5.42274 0.297228
1.67421e+09 7.2376 5.35854 0.292728
1.67421e+09 7.17266 5.30293 0.288611
1.67421e+09 7.12443 5.25474 0.285311
1.67421e+09 7.08186 5.21344 0.281333
1.67421e+09 7.04869 5.17796 0.277648
1.67421e+09 7.02328 5.14845 0.274859
1.67421e+09 7.00218 5.12192 0.271942
1.67421e+09 -8.46771 -7.69176 0.29103
1.67421e+09 -9.54287 -8.65621 0.327857
1.67421e+09 -9.67727 -8.77676 0.332461
1.67421e+09 -9.57071 -8.66887 0.32954
1.67421e+09 -9.4292 -8.5653 0.324004
1.67421e+09 -9.34356 -8.47647 0.321176
1.67421e+09 -9.33577 -8.4684 0.320918
1.67421e+09 10.6748 -7.45502 0.26117
1.67421e+09 12.0527 -8.39612 0.294185
1.67421e+09 12.0265 -8.41336 0.308546
1.67421e+09 11.9012 -8.31374 0.304301
1.67421e+09 11.7765 -8.23478 0.305782
1.67421e+09 11.6896 -8.16185 0.29687
1.67421e+09 11.622 -8.10077 0.283735
1.67421e+09 -7.72962 4.38604 0.270965
1.67421e+09 -8.7049 4.91536 0.298365
1.67421e+09 -8.70303 4.90552 0.279553
1.67421e+09 5.95513 -8.7715 0.138924
1.67421e+09 6.72188 -9.88164 0.155729
1.67421e+09 6.74542 -9.88843 0.15322
1.67421e+09 6.69396 -9.77923 0.149308
1.67421e+09 6.65166 -9.6807 0.148146
1.67421e+09 6.59997 -9.59646 0.149075
1.67421e+09 6.5547 -9.5311 0.145301
1.67421e+09 6.53329 -9.4809 0.150446
1.67421e+09 6.51751 -9.42737 0.148595
1.67421e+09 6.50806 -9.38596 0.151292
1.67421e+09 11.7253 6.64198 0.159527
1.67421e+09 13.1321 7.47795 0.175559
1.67421e+09 13.0983 7.48349 0.182174
1.67421e+09 12.9239 7.40206 0.17889
1.67421e+09 12.8277 7.31949 0.177202
1.67421e+09 12.7133 7.24636 0.170924
1.67421e+09 12.6578 7.18218 0.168548
1.67421e+09 12.5997 7.13576 0.16627
1.67421e+09 8.24354 -8.465 0.117591
1.67421e+09 9.24128 -9.54725 0.129452
1.67421e+09 9.21994 -9.5586 0.12877
1.67421e+09 9.10404 -9.45307 0.127053
1.67421e+09 9.0262 -9.32272 0.127996
1.67421e+09 8.97165 -9.20015 0.131845
1.67421e+09 -7.56257 12.4658 0.224853
1.67421e+09 -8.53436 14.0217 0.260747
1.67421e+09 -8.65584 14.2162 0.265234
1.67421e+09 12.3539 16.3432 0.256964
1.67421e+09 13.9092 18.3704 0.282405
1.67421e+09 13.9229 18.3551 0.278326
1.67421e+09 13.793 18.1382 0.276953
1.67421e+09 13.6635 17.9401 0.269939
1.67421e+09 -4.5706 15.9474 0.237658
1.67421e+09 -5.15206 17.9272 0.261522
1.67421e+09 -5.14638 17.9223 0.254635
1.67421e+09 5.53577 6.55433 0.0849253
1.67421e+09 6.23769 7.38653 0.0935265
1.67421e+09 6.24654 7.39882 0.0955757
1.67421e+09 6.18534 7.32524 0.0919388
1.67421e+09 6.13017 7.26211 0.0892554
1.67421e+09 6.08555 7.21206 0.0872312
1.67421e+09 6.04871 7.17694 0.0880821
1.67421e+09 -5.06674 -10.328 0.163449
1.67421e+09 7.0773 7.08012 0.107269
1.67421e+09 7.98909 7.97206 0.120661
1.67421e+09 8.02456 7.97656 0.116902
1.67421e+09 -14.8566 13.0515 0.303813
1.67421e+09 -16.7148 14.6905 0.336773
1.67421e+09 10.8436 -17.1304 0.157214
1.67421e+09 12.2433 -19.2804 0.181239
1.67421e+09 20.7265 5.59416 0.258795
1.67421e+09 -10.9694 -7.80266 0.19371
1.67421e+09 1.49266 24.1829 0.223305
1.67421e+09 1.69479 27.2052 0.250569
