1687940956.84518027 7.84993553 -4.74993658 0.241296232 0
1687940956.84518027 -1.44846809 -8.6739502 0.240605742 1
1687940956.84518027 -1.36853302 7.22359419 0.0766268 2
1687940956.84518027 -1.4890306 -7.90056849 0.111387379 3
1687940956.84518027 -7.95359468 -8.14885139 0.183401853 4
1687940956.84518027 1.82579899 -7.4119544 0.106310092 5
1687940956.84518027 -8.12530422 10.0800371 0.18637915 6
1687940956.84518027 1.23084199 -9.04943085 0.170210257 7
1687940956.84518027 0.037540704 9.66421318 0.11410699 8
1687940956.84518027 -9.95595455 -13.7473755 0.147779971 9
1687940956.84518027 -5.75122166 -20.8095398 0.20535633 10
1687940956.84518027 10.6406708 3.50222254 0.13870582 11
