1674207085.0119915 1.76077652 -8.22580814 0.240248039 0
1674207085.0119915 11.8944292 -6.69119406 0.372851223 1
1674207085.0119915 7.1945281 5.16846466 0.212112159 2
1674207085.0119915 5.00373316 -14.9273405 0.290430278 3
1674207085.0119915 17.1447945 6.08527756 0.20625636 4
1674207085.0119915 2.44082737 -20.7816792 0.256966174 5
1674207085.0119915 6.97304535 6.15046644 0.107606649 6
1674207085.0119915 -2.0917542 -9.40489578 0.0834267586 7
1674207085.0119915 18.0782948 10.4466257 0.219022989 8
1674207085.0119915 23.4067802 -17.8127766 0.246494949 9
1674207085.0119915 13.5890284 -23.2772732 0.2315135 10
