1.67421e+09 2.72673 -5.86077 0.326999
1.67421e+09 3.08373 -6.59238 0.367251
1.67421e+09 3.08581 -6.59103 0.362601
1.67421e+09 3.06162 -6.51774 0.359005
1.67421e+09 3.04074 -6.44832 0.354454
1.67421e+09 2.999 -6.38425 0.347541
1.67421e+09 2.97392 -6.33995 0.346228
1.67421e+09 2.97199 -6.33654 0.346127
1.67421e+09 2.94258 -6.29478 0.341434
1.67421e+09 4.26254 5.39477 0.184078
1.67421e+09 4.80021 6.06754 0.208678
1.67421e+09 4.81788 6.06688 0.211093
1.67421e+09 4.7963 6.00802 0.217053
1.67421e+09 4.73767 5.94827 0.213801
1.67421e+09 4.70231 5.89706 0.210888
1.67421e+09 4.68613 5.85426 0.208517
1.67421e+09 4.66647 5.81489 0.20374
1.67421e+09 4.6459 5.78238 0.200641
1.67421e+09 4.6309 5.75381 0.198478
1.67421e+09 8.1056 -8.60163 0.316294
1.67421e+09 9.10203 -9.66957 0.356153
1.67421e+09 9.12398 -9.68151 0.357015
1.67421e+09 9.05995 -9.59582 0.361351
1.67421e+09 8.97567 -9.46052 0.364888
1.67421e+09 8.88235 -9.36528 0.359276
1.67421e+09 8.87457 -9.35734 0.358808
1.67421e+09 8.29763 6.36208 0.239041
1.67421e+09 9.33657 7.1626 0.264516
1.67421e+09 9.33958 7.16895 0.25984
1.67421e+09 9.24121 7.09658 0.250411
1.67421e+09 9.16181 7.03699 0.246024
1.67421e+09 9.11094 6.99317 0.244496
1.67421e+09 9.0702 6.95902 0.242527
1.67421e+09 9.01953 6.92059 0.237495
1.67421e+09 9.01591 6.91785 0.237136
1.67421e+09 8.97064 6.89004 0.238933
1.67421e+09 -0.88177 -9.77814 0.25931
1.67421e+09 -0.991743 -10.9939 0.288605
1.67421e+09 -0.985145 -10.9972 0.291301
1.67421e+09 -0.720704 5.38779 0.143758
1.67421e+09 -0.80494 6.05094 0.160692
1.67421e+09 -0.796865 6.03927 0.159057
1.67421e+09 -0.789641 5.97379 0.153706
1.67421e+09 -8.28073 -5.3157 0.219355
1.67421e+09 -9.31089 -5.97748 0.246138
1.67421e+09 -9.29533 -5.96371 0.24654
1.67421e+09 19.6959 -8.82802 0.345934
1.67421e+09 22.1919 -9.91515 0.376977
1.67421e+09 22.215 -9.9078 0.363894
1.67421e+09 21.9983 -9.77907 0.347461
1.67421e+09 12.3764 11.5766 0.269705
1.67421e+09 13.9238 13.0162 0.300151
1.67421e+09 13.925 13.0131 0.29596
1.67421e+09 13.7711 12.8657 0.290333
1.67421e+09 13.6299 12.7299 0.283827
1.67421e+09 1.76534 12.6288 0.249224
1.67421e+09 1.99799 14.2124 0.278881
1.67421e+09 2.01191 14.2151 0.274534
1.67421e+09 19.919 3.29275 0.267501
1.67421e+09 22.4256 3.73928 0.297824
1.67421e+09 22.4477 3.77647 0.297886
1.67421e+09 22.1992 3.73826 0.291325
1.67421e+09 21.9815 3.72928 0.282385
1.67421e+09 21.8096 3.73043 0.277853
1.67421e+09 21.6653 3.73512 0.26969
1.67421e+09 21.6542 3.73548 0.269062
1.67421e+09 -4.8245 5.96281 0.217393
1.67421e+09 -5.45313 6.72702 0.230155
1.67421e+09 -5.47651 6.74738 0.224314
1.67421e+09 -5.42594 6.68012 0.210058
1.67421e+09 -5.37267 6.61748 0.200116
1.67421e+09 3.01929 -22.7127 0.274036
1.67421e+09 3.42523 -25.5413 0.30607
1.67421e+09 3.39766 -25.544 0.309017
1.67421e+09 -6.66736 5.3358 0.146177
1.67421e+09 4.44935 7.27005 0.129856
1.67421e+09 5.01674 8.17659 0.137558
1.67421e+09 5.02813 8.18194 0.135769
1.67421e+09 4.97025 8.08613 0.12845
1.67421e+09 4.91624 8.00874 0.134479
1.67421e+09 4.87289 7.92785 0.128211
1.67421e+09 9.71253 17.003 0.242199
1.67421e+09 10.9371 19.1198 0.268855
1.67421e+09 10.9462 19.1089 0.264472
1.67421e+09 10.8366 18.8875 0.25947
1.67421e+09 10.7401 18.6869 0.256196
1.67421e+09 13.4742 -12.2266 0.181107
1.67421e+09 15.1618 -13.7628 0.204176
1.67421e+09 15.1746 -13.7718 0.206641
1.67421e+09 15.176 -13.7729 0.206915
1.67421e+09 15.0385 -13.6265 0.200198
1.67421e+09 26.9114 3.67006 0.264952
1.67421e+09 30.2854 4.15157 0.293558
1.67421e+09 30.3023 4.17748 0.29251
1.67421e+09 29.9756 4.15864 0.284124
1.67421e+09 29.6815 4.14133 0.277543
1.67421e+09 -5.046 -13.626 0.166377
1.67421e+09 -5.65509 -15.3162 0.183634
1.67421e+09 -5.66577 -15.3213 0.183339
1.67421e+09 -12.02 -17.2785 0.285227
1.67421e+09 -13.5138 -19.4342 0.333881
1.67421e+09 19.7142 11.4673 0.281314
1.67421e+09 22.1763 12.9176 0.299865
1.67421e+09 13.9415 5.90438 0.176133
1.67421e+09 15.6789 6.65998 0.187597
1.67421e+09 2.05446 -21.2058 0.169899
1.67421e+09 2.34796 -24.2352 0.19417
1.67421e+09 -11.5314 23.1571 0.297015
