1.67421e+09 8.1939 -8.75036 0.29879
1.67421e+09 9.24652 -9.81975 0.334504
1.67421e+09 9.27467 -9.78981 0.330522
1.67421e+09 9.18917 -9.64274 0.317405
1.67421e+09 9.11396 -9.52166 0.312864
1.67421e+09 9.02981 -9.44495 0.308421
1.67421e+09 8.96114 -9.38286 0.305581
1.67421e+09 8.91609 -9.30453 0.29724
1.67421e+09 12.9672 -7.04022 0.343756
1.67421e+09 14.5997 -7.90027 0.382876
1.67421e+09 14.8037 -8.00778 0.387766
1.67421e+09 14.8292 -8.02122 0.388377
1.67421e+09 14.6456 -7.87968 0.376108
1.67421e+09 14.4627 -7.77073 0.368548
1.67421e+09 14.4445 -7.75984 0.367792
1.67421e+09 3.07669 10.725 0.245049
1.67421e+09 3.4412 12.0585 0.283855
1.67421e+09 3.42355 12.0467 0.283621
1.67421e+09 3.38586 11.9122 0.276093
1.67421e+09 3.34409 11.7747 0.267002
1.67421e+09 3.34029 11.7622 0.266175
1.67421e+09 3.30632 11.6645 0.264171
1.67421e+09 8.20319 3.74175 0.195709
1.67421e+09 9.37507 4.27629 0.223667
1.67421e+09 9.39632 4.28825 0.218104
1.67421e+09 9.26678 4.23527 0.207514
1.67421e+09 9.13937 4.18711 0.196532
1.67421e+09 9.04009 4.1484 0.18915
1.67421e+09 -3.31042 12.2696 0.286779
1.67421e+09 -3.70984 13.8105 0.315931
1.67421e+09 -3.70092 13.8136 0.310681
1.67421e+09 -3.64089 13.6813 0.30429
1.67421e+09 11.5037 -17.0815 0.288199
1.67421e+09 12.8859 -19.2383 0.318163
1.67421e+09 12.8337 -19.2667 0.321704
1.67421e+09 -6.63657 8.05305 0.181601
1.67421e+09 -7.46708 9.05444 0.201388
1.67421e+09 -7.44901 9.0625 0.1966
1.67421e+09 -7.36513 8.9625 0.194272
1.67421e+09 -7.30178 8.88236 0.207753
1.67421e+09 18.421 3.03527 0.308664
1.67421e+09 20.7396 3.41216 0.345049
1.67421e+09 7.57815 -27.2635 0.290699
1.67421e+09 8.56316 -30.6302 0.319754
1.67421e+09 8.53167 -30.6596 0.323517
1.67421e+09 8.47195 -30.2843 0.313329
1.67421e+09 -3.269 9.1922 0.170209
