1687940944.94375324 1.23731577 -6.62778473 0.333421379 0
1687940944.94375324 7.96696997 -2.95201659 0.268080741 1
1687940944.94375324 -0.615435839 -10.9551792 0.270485878 2
1687940944.94375324 0.98709178 8.60647106 0.20695217 3
1687940944.94375324 5.80181503 -3.35046649 0.112550497 4
1687940944.94375324 9.52430248 3.59789324 0.173582867 5
1687940944.94375324 -2.39692426 -9.5647974 0.126267001 6
1687940944.94375324 18.5560169 -2.56787777 0.190735579 7
1687940944.94375324 6.30776882 4.44836998 0.0858057886 8
1687940944.94375324 4.69291019 9.63506794 0.140336201 9
1687940944.94375324 6.42604256 16.0555458 0.202759385 10
1687940944.94375324 13.9278898 12.1801605 0.209259942 11
1687940944.94375324 7.32736492 -10.2072535 0.143972188 12
