1687940897.64059401 -0.728479922 -8.03264523 0.218604565 0
1687940897.64059401 -1.7235502 8.81732273 0.189856604 1
1687940897.64059401 5.49045229 -4.39846325 0.144337609 2
1687940897.64059401 -5.63048077 10.8338413 0.284149259 3
1687940897.64059401 5.80795336 -2.24089098 0.094349809 4
1687940897.64059401 7.13050508 7.12363863 0.125538528 5
1687940897.64059401 3.02145505 8.51195335 0.155164585 6
1687940897.64059401 0.292799473 6.76399851 0.135575369 7
1687940897.64059401 4.70855379 16.2138367 0.316219419 8
1687940897.64059401 2.71379733 15.0629311 0.154182836 9
1687940897.64059401 -6.51535082 16.9318295 0.169051021 10
