1674207972.47689867 6.79312706 -5.04149675 0.298883229 0
1674207972.47689867 5.21426773 3.67522383 0.215772942 1
1674207972.47689867 -2.28107762 -7.43177271 0.245937556 2
1674207972.47689867 -7.37420273 8.59226894 0.292651355 3
1674207972.47689867 -1.05376029 -10.6409378 0.267733961 4
1674207972.47689867 19.2108994 4.38135529 0.267532289 5
1674207972.47689867 8.42532444 -16.8486214 0.247958228 6
1674207972.47689867 -0.205401897 16.6779041 0.305242121 7
1674207972.47689867 12.8750658 11.7632723 0.239356488 8
1674207972.47689867 19.3464088 10.6572609 0.255946994 9
1674207972.47689867 30.8067055 -6.16524124 0.292297363 10
1674207972.47689867 15.8367348 -24.0061588 0.286090314 11
1674207972.47689867 -11.3176765 12.3675575 0.263066649 12
1674207972.47689867 -4.48619175 22.8803902 0.287108004 13
1674207972.47689867 26.4077625 -8.15679932 0.269129872 14
