1.67421e+09 0.941414 -7.8424 0.305697
1.67421e+09 1.04173 -8.83925 0.34155
1.67421e+09 1.02111 -8.86159 0.339113
1.67421e+09 10.6319 4.43686 0.321458
1.67421e+09 11.9612 4.98153 0.355623
1.67421e+09 11.9698 4.9704 0.355126
1.67421e+09 11.8337 4.91281 0.345989
1.67421e+09 11.7057 4.86134 0.336422
1.67421e+09 11.6004 4.81703 0.332957
1.67421e+09 -5.16482 11.4497 0.296516
1.67421e+09 -5.80497 12.8951 0.337289
1.67421e+09 4.34803 -16.1697 0.331812
1.67421e+09 4.85395 -18.213 0.371521
1.67421e+09 4.82925 -18.2285 0.368317
1.67421e+09 4.75809 -18.0294 0.35158
1.67421e+09 11.7015 10.5934 0.243782
1.67421e+09 13.1519 11.9286 0.271509
1.67421e+09 13.1384 11.9311 0.263916
1.67421e+09 13.1369 11.9314 0.263072
1.67421e+09 13.1368 11.9314 0.262979
1.67421e+09 23.9482 -8.62503 0.269555
1.67421e+09 26.9808 -9.6509 0.293454
1.67421e+09 27.0382 -9.58101 0.293055
1.67421e+09 2.39881 10.6805 0.239805
