1674207084.50765467 2.68446302 -8.26468754 0.248025194 0
1674207084.50765467 12.8110609 -6.70039272 0.365399688 1
1674207084.50765467 8.07263565 5.1410861 0.211983934 2
1674207084.50765467 5.94304895 -14.9529457 0.291073531 3
1674207084.50765467 18.0247974 6.06653214 0.166640177 4
1674207084.50765467 7.85944271 6.13384676 0.127331957 5
1674207084.50765467 24.3739738 -17.7976589 0.280971736 6
1674207084.50765467 -1.15999734 -9.4960804 0.109265126 7
1674207084.50765467 24.1635647 3.95295787 0.165852204 8
1674207084.50765467 14.5340185 -23.2832718 0.215317979 9
