1687940948.0703783 4.25345612 -7.76471138 0.279169768 0
1687940948.0703783 -0.604851246 11.023243 0.226450473 1
1687940948.0703783 2.26983476 -11.8863554 0.288609177 2
1687940948.0703783 6.15614891 7.27521753 0.19811739 3
1687940948.0703783 -3.44377613 -5.36532784 0.0876267552 4
1687940948.0703783 -3.13174987 -7.06560802 0.100118041 5
1687940948.0703783 0.58427763 -10.2807627 0.141941518 6
1687940948.0703783 -0.217033252 -5.45235586 0.135666057 7
1687940948.0703783 6.92056942 -5.95723677 0.196931735 8
1687940948.0703783 9.47137833 -5.11113787 0.118337199 9
1687940948.0703783 -5.92382574 -12.2149944 0.181185186 10
1687940948.0703783 11.8488626 -5.00883722 0.188570499 11
1687940948.0703783 6.43215084 1.52211595 0.096565038 12
