1687940914.08071351 -3.34418774 5.75813913 0.224915266 0
1687940914.08071351 7.81505299 -4.38190174 0.221921504 1
1687940914.08071351 6.91577911 4.05094719 0.190035477 2
1687940914.08071351 13.0596962 4.20428514 0.215785816 3
1687940914.08071351 -1.85903168 10.9422169 0.177688599 4
1687940914.08071351 -3.97688341 -12.6807003 0.171035767 5
1687940914.08071351 1.58882535 5.38566494 0.145720318 6
1687940914.08071351 8.14252758 10.0560894 0.108783476 7
1687940914.08071351 10.5033083 -5.17377424 0.136785507 8
1687940914.08071351 -1.35175323 9.81189251 0.104561619 9
