1687940945.64975595 1.88262856 -6.81482124 0.272840321 0
1687940945.64975595 8.8697958 -3.21499419 0.258569986 1
1687940945.64975595 0.186253026 -11.0649061 0.272168756 2
1687940945.64975595 10.525053 3.30075026 0.187573373 3
1687940945.64975595 -5.0311079 11.3831615 0.221898749 4
1687940945.64975595 -1.65608919 -9.62368107 0.122113258 5
1687940945.64975595 6.66272974 -3.58202672 0.12777169 6
1687940945.64975595 5.1322608 5.43513107 0.0791508853 7
1687940945.64975595 19.5580101 -3.01546669 0.192057848 8
1687940945.64975595 5.92858315 9.51751423 0.190670565 9
1687940945.64975595 8.04171371 -10.4522867 0.13947545 10
1687940945.64975595 14.7741385 3.54722142 0.179794937 11
