1.67421e+09 -4.85703 6.07141 0.281022
1.67421e+09 -5.46709 6.83108 0.316592
1.67421e+09 -5.47082 6.83084 0.315588
1.67421e+09 -5.41279 6.7566 0.311158
1.67421e+09 -5.35244 6.6878 0.303593
1.67421e+09 -5.34696 6.68155 0.302906
1.67421e+09 -5.30889 6.62124 0.299749
1.67421e+09 9.44445 6.03197 0.274141
1.67421e+09 10.6379 6.78533 0.308289
1.67421e+09 10.6583 6.78767 0.313581
1.67421e+09 10.5545 6.71316 0.30977
1.67421e+09 10.4584 6.64406 0.304647
1.67421e+09 10.3786 6.58374 0.297386
1.67421e+09 10.3216 6.54221 0.299148
1.67421e+09 10.2738 6.50376 0.296538
1.67421e+09 10.2333 6.46975 0.291701
1.67421e+09 10.2021 6.44087 0.287821
1.67421e+09 5.42744 8.30945 0.262537
1.67421e+09 6.10886 9.33538 0.291279
1.67421e+09 6.10439 9.30516 0.282284
1.67421e+09 6.03547 9.23806 0.289267
1.67421e+09 5.96944 9.18379 0.288756
1.67421e+09 5.91664 9.09391 0.277377
1.67421e+09 5.87445 9.02639 0.272632
1.67421e+09 5.83367 8.93448 0.264188
1.67421e+09 1.93327 -11.563 0.245904
1.67421e+09 2.17951 -13.0254 0.277209
1.67421e+09 2.19044 -13.0449 0.279603
1.67421e+09 2.1889 -12.9211 0.276498
1.67421e+09 2.20662 -12.8077 0.269631
1.67421e+09 2.22846 -12.7158 0.264965
1.67421e+09 2.22479 -12.6102 0.257966
1.67421e+09 2.22451 -12.602 0.257428
1.67421e+09 2.22449 -12.6014 0.257387
1.67421e+09 13.7069 -7.09604 0.270682
1.67421e+09 15.4647 -7.9917 0.318657
1.67421e+09 15.4938 -7.99891 0.326557
1.67421e+09 -5.53419 -10.3095 0.302896
1.67421e+09 -6.23661 -11.5673 0.326982
1.67421e+09 -6.32442 -11.7245 0.329992
1.67421e+09 9.47185 11.2283 0.270393
1.67421e+09 10.6884 12.6231 0.298841
1.67421e+09 10.6982 12.6138 0.293552
1.67421e+09 10.5929 12.4785 0.297838
1.67421e+09 10.4505 12.3628 0.297509
1.67421e+09 10.3418 12.2607 0.29066
1.67421e+09 10.3327 12.2522 0.290089
1.67421e+09 18.3205 7.86962 0.289497
1.67421e+09 20.6146 8.82075 0.317906
1.67421e+09 20.6065 8.82668 0.318593
1.67421e+09 -4.81303 11.5838 0.265663
1.67421e+09 -5.40139 13.0312 0.294832
1.67421e+09 -5.37697 13.0326 0.290599
1.67421e+09 -5.30369 12.8871 0.284119
1.67421e+09 16.3467 -13.0431 0.331117
1.67421e+09 18.682 -14.9064 0.37842
1.67421e+09 -10.4262 6.02208 0.232731
1.67421e+09 -11.6988 6.78573 0.25384
1.67421e+09 -11.7191 6.78967 0.260231
1.67421e+09 4.77803 -20.5111 0.247342
1.67421e+09 17.5842 12.8522 0.230424
1.67421e+09 19.8017 14.4672 0.274767
1.67421e+09 19.8321 14.4719 0.276586
1.67421e+09 19.6406 14.3075 0.266041
1.67421e+09 -8.00983 23.1455 0.258569
1.67421e+09 -8.97305 26.0387 0.290489
1.67421e+09 -19.283 -13.5169 0.215584
1.67421e+09 -1.45114 18.0018 0.208875
