1.67421e+09 1.53967 -7.89533 0.334614
1.67421e+09 1.73008 -8.87955 0.372683
1.67421e+09 1.7302 -8.8749 0.372155
1.67421e+09 1.69266 -8.7889 0.362906
1.67421e+09 1.68891 -8.7803 0.361981
1.67421e+09 1.68853 -8.77944 0.361888
1.67421e+09 1.65479 -8.71298 0.352991
1.67421e+09 11.1939 4.37746 0.304881
1.67421e+09 12.6067 4.90308 0.345454
1.67421e+09 12.6142 4.89326 0.346215
1.67421e+09 12.4765 4.83566 0.341937
1.67421e+09 12.3408 4.79124 0.334536
1.67421e+09 12.2194 4.75116 0.321624
1.67421e+09 4.89196 -16.202 0.318896
1.67421e+09 5.49265 -18.2373 0.356852
1.67421e+09 5.51898 -18.2157 0.357995
1.67421e+09 5.4463 -18.0327 0.359942
1.67421e+09 5.36263 -17.864 0.359279
1.67421e+09 12.231 10.4985 0.205833
1.67421e+09 13.9782 11.9983 0.235238
1.67421e+09 14.2278 12.2125 0.239439
1.67421e+09 1.35951 8.53173 0.0876455
1.67421e+09 24.5212 -8.63755 0.26122
1.67421e+09 27.6212 -9.66902 0.283419
