1.67421e+09 12.0392 4.50929 0.270146
1.67421e+09 13.5662 5.08889 0.314255
1.67421e+09 13.5566 5.084 0.3022
1.67421e+09 13.5555 5.08346 0.300861
1.67421e+09 13.3947 5.02338 0.297905
1.67421e+09 13.3786 5.01738 0.297609
1.67421e+09 13.2775 4.98198 0.28897
1.67421e+09 13.1761 4.94879 0.282998
1.67421e+09 3.29524 7.6871 0.190514
1.67421e+09 3.70584 8.63913 0.218053
1.67421e+09 3.71847 8.64328 0.214723
1.67421e+09 3.66956 8.53603 0.210645
1.67421e+09 3.6463 8.45408 0.203203
1.67421e+09 3.64418 8.44663 0.202526
1.67421e+09 3.61461 8.37529 0.201003
1.67421e+09 3.58134 8.31358 0.202904
1.67421e+09 6.32922 11.9699 0.281435
1.67421e+09 7.14207 13.4942 0.314266
1.67421e+09 7.14546 13.4956 0.309758
1.67421e+09 7.07627 13.3591 0.304887
1.67421e+09 7.01961 13.2456 0.299891
1.67421e+09 6.97694 13.1565 0.292665
1.67421e+09 6.92547 13.0573 0.291902
1.67421e+09 6.89932 12.9985 0.282111
1.67421e+09 -8.20099 -9.99105 0.263311
1.67421e+09 -9.21621 -11.237 0.292145
1.67421e+09 -9.19633 -11.2337 0.293272
1.67421e+09 -9.07723 -11.1065 0.288021
1.67421e+09 -9.06532 -11.0938 0.287496
1.67421e+09 12.7086 10.7617 0.278249
1.67421e+09 14.31 12.115 0.307813
1.67421e+09 14.3304 12.1251 0.306609
1.67421e+09 14.1945 12.0014 0.301928
1.67421e+09 14.071 11.8883 0.295515
1.67421e+09 13.9716 11.7928 0.286072
1.67421e+09 13.8995 11.7167 0.281004
1.67421e+09 -9.33828 -6.8063 0.258013
1.67421e+09 -10.5259 -7.66902 0.282196
1.67421e+09 -10.5376 -7.67382 0.274052
1.67421e+09 -10.3955 -7.5784 0.27401
1.67421e+09 1.64062 5.92543 0.195364
1.67421e+09 1.84197 6.67858 0.218728
1.67421e+09 1.84486 6.67411 0.211885
1.67421e+09 1.82999 6.59839 0.200373
1.67421e+09 23.6207 -6.3241 0.329662
1.67421e+09 26.5948 -7.09132 0.369496
1.67421e+09 26.9665 -7.18722 0.374475
1.67421e+09 26.664 -7.07936 0.370233
1.67421e+09 26.329 -6.98818 0.361742
1.67421e+09 26.0735 -6.88952 0.34994
1.67421e+09 19.0624 -8.20596 0.277254
1.67421e+09 21.4562 -9.20904 0.306296
1.67421e+09 21.7555 -9.33443 0.309926
1.67421e+09 21.7929 -9.3501 0.31038
1.67421e+09 6.40545 9.09933 0.108125
1.67421e+09 7.32052 10.3992 0.123571
1.67421e+09 7.27961 10.3922 0.118845
1.67421e+09 7.15447 10.237 0.110871
1.67421e+09 7.06855 10.102 0.105161
1.67421e+09 7.02592 9.99792 0.103871
1.67421e+09 7.00094 9.91692 0.0997075
1.67421e+09 -13.9354 9.44507 0.235828
