1687940914.58499122 -2.70347476 5.70254803 0.227841496 0
1687940914.58499122 8.48207951 -4.43454885 0.228920743 1
1687940914.58499122 7.6023283 4.02035284 0.173772663 2
1687940914.58499122 0.994163215 -6.63209105 0.142666042 3
1687940914.58499122 -1.23490441 10.9272585 0.201168761 4
1687940914.58499122 13.6779842 4.14530754 0.200660974 5
1687940914.58499122 -3.32315516 -12.6872482 0.159271032 6
1687940914.58499122 2.23490286 5.30246067 0.140300706 7
1687940914.58499122 -2.55755472 9.57897091 0.131360784 8
1687940914.58499122 11.1172857 -5.23520231 0.167489529 9
1687940914.58499122 9.89816189 -14.034111 0.210433021 10
1687940914.58499122 -0.854299784 9.76218128 0.093486838 11
1687940914.58499122 13.8314228 3.03452134 0.113976113 12
