1687940938.7912879 6.11926126 -5.46917963 0.183694944 0
1687940938.7912879 10.8598995 -3.62238002 0.199112788 1
1687940938.7912879 -5.81328392 8.60367489 0.19501707 2
1687940938.7912879 6.53220797 3.27193475 0.1407049 3
1687940938.7912879 -2.91231322 5.5605402 0.0923386142 4
1687940938.7912879 -0.603086889 -10.6322794 0.130687892 5
1687940938.7912879 14.5650415 3.78571987 0.22816819 6
1687940938.7912879 9.57851982 -12.3875189 0.208420277 7
1687940938.7912879 7.37290716 11.3350515 0.193747044 8
1687940938.7912879 14.692832 -3.7821784 0.127251685 9
