1687940927.09159088 6.37245226 2.71541357 0.200764611 0
1687940927.09159088 2.65271711 -5.50668335 0.202964276 1
1687940927.09159088 7.45097971 -2.63373446 0.204093933 2
1687940927.09159088 16.186842 -2.79380512 0.255555451 3
1687940927.09159088 1.76273489 16.351244 0.247696698 4
1687940927.09159088 0.0830512568 8.81585121 0.119432576 5
1687940927.09159088 12.284771 6.09044075 0.189952821 6
1687940927.09159088 6.47096777 -2.23102784 0.114444241 7
1687940927.09159088 13.2491646 -3.18315029 0.144516572 8
1687940927.09159088 -0.0318188034 -6.11619282 0.0707258806 9
