1.67421e+09 -5.55002 9.46207 0.31635
1.67421e+09 5.83309 9.94706 0.336998
1.67421e+09 6.58235 11.1996 0.373268
1.67421e+09 6.60637 11.2096 0.368944
1.67421e+09 6.56095 11.1005 0.367055
1.67421e+09 6.50351 10.9957 0.362761
1.67421e+09 6.45362 10.9039 0.355299
1.67421e+09 6.40953 10.8289 0.349896
1.67421e+09 6.37018 10.7452 0.336823
1.67421e+09 6.34873 10.6671 0.323865
1.67421e+09 -10.1919 -5.76967 0.246665
1.67421e+09 -7.93777 -11.6894 0.346736
1.67421e+09 -8.9473 -13.1302 0.384506
1.67421e+09 1.90314 9.31412 0.199327
1.67421e+09 2.12743 10.4801 0.213456
1.67421e+09 2.12227 10.4828 0.202779
1.67421e+09 7.59991 -7.05762 0.20835
1.67421e+09 8.58302 -7.92443 0.22901
1.67421e+09 8.60213 -7.92698 0.233687
1.67421e+09 8.45528 -7.83771 0.247036
1.67421e+09 8.37565 -7.73695 0.235343
1.67421e+09 8.32974 -7.6609 0.231824
1.67421e+09 8.28654 -7.59544 0.218809
1.67421e+09 12.7921 7.80918 0.197947
1.67421e+09 14.4114 8.79119 0.220587
1.67421e+09 14.4306 8.79301 0.217347
1.67421e+09 14.2925 8.6964 0.213787
1.67421e+09 14.1728 8.60708 0.209809
1.67421e+09 14.058 8.5364 0.207186
1.67421e+09 13.9746 8.47694 0.205822
1.67421e+09 13.9111 8.42399 0.203122
1.67421e+09 13.8634 8.37876 0.202262
1.67421e+09 0.616265 14.1538 0.264169
1.67421e+09 0.706012 15.9205 0.29485
1.67421e+09 0.721232 15.9164 0.290892
1.67421e+09 0.71865 15.7358 0.284868
1.67421e+09 16.0767 11.0516 0.279199
1.67421e+09 18.0945 12.4391 0.31105
1.67421e+09 18.125 12.443 0.308578
1.67421e+09 17.9611 12.3112 0.307899
1.67421e+09 17.7444 12.173 0.308604
1.67421e+09 17.5929 12.0716 0.307838
1.67421e+09 17.4932 11.9854 0.299542
1.67421e+09 -6.46628 14.303 0.276264
1.67421e+09 -7.2691 16.0902 0.308504
1.67421e+09 -7.25886 16.092 0.306922
1.67421e+09 -7.1878 15.9113 0.313501
1.67421e+09 -14.5208 12.6425 0.305745
1.67421e+09 -16.3512 14.2088 0.321644
1.67421e+09 19.798 7.23313 0.222392
1.67421e+09 22.3079 8.1403 0.270955
1.67421e+09 22.3288 8.14178 0.265443
1.67421e+09 0.17579 -18.3798 0.288044
1.67421e+09 3.05427 25.2128 0.239914
