1687940913.27385521 6.69475842 -4.35114479 0.2241465 0
1687940913.27385521 5.76117134 4.10016918 0.182246342 1
1687940913.27385521 -4.52160311 5.69939756 0.245774448 2
1687940913.27385521 -0.694816828 -6.64048529 0.144821197 3
1687940913.27385521 11.9126072 4.26365757 0.221590966 4
1687940913.27385521 9.16230583 1.78484643 0.132111043 5
1687940913.27385521 9.50902271 -5.21583366 0.134853706 6
1687940913.27385521 0.334787577 5.34937525 0.103979148 7
1687940913.27385521 -5.01644182 -12.7275753 0.175010994 8
1687940913.27385521 6.92608833 10.0990381 0.112429485 9
