1.67421e+09 4.6046 6.36185 0.308085
1.67421e+09 5.17778 7.15227 0.342827
1.67421e+09 5.17743 7.14756 0.338142
1.67421e+09 5.12345 7.06008 0.331313
1.67421e+09 5.07161 6.98446 0.324841
1.67421e+09 5.02956 6.92218 0.319859
1.67421e+09 4.99815 6.86539 0.31467
1.67421e+09 4.96991 6.81673 0.309352
1.67421e+09 4.94527 6.77279 0.303646
1.67421e+09 4.92721 6.73763 0.300526
1.67421e+09 8.86801 -6.95552 0.334351
1.67421e+09 9.95058 -7.7806 0.369818
1.67421e+09 10.0859 -7.88374 0.374251
1.67421e+09 10.1028 -7.89663 0.374805
1.67421e+09 9.99594 -7.79832 0.37389
1.67421e+09 4.4502 11.545 0.28435
1.67421e+09 5.02342 12.9727 0.319459
1.67421e+09 5.01828 12.9715 0.313673
1.67421e+09 4.96091 12.8262 0.306327
1.67421e+09 4.9104 12.6909 0.299602
1.67421e+09 0.50984 8.5248 0.231686
1.67421e+09 0.572143 9.58774 0.255623
1.67421e+09 0.574341 9.56352 0.247603
1.67421e+09 11.6712 -12.7965 0.333282
1.67421e+09 13.1646 -14.4101 0.379311
1.67421e+09 13.3512 -14.6118 0.385064
1.67421e+09 13.3746 -14.637 0.385783
1.67421e+09 13.3775 -14.6401 0.385873
1.67421e+09 -10.4032 -10.014 0.266347
1.67421e+09 -11.8894 -11.4446 0.304396
1.67421e+09 -11.9036 -11.4286 0.299519
1.67421e+09 13.506 8.3098 0.33162
1.67421e+09 15.1825 9.3534 0.365311
1.67421e+09 15.1706 9.35512 0.362203
1.67421e+09 15.1693 9.35531 0.361858
1.67421e+09 14.9975 9.22748 0.343286
1.67421e+09 -9.76888 6.25733 0.287287
1.67421e+09 -11.1644 7.15124 0.328329
1.67421e+09 -11.1667 7.14617 0.324459
1.67421e+09 -2.7247 -11.4703 0.217821
1.67421e+09 -3.06608 -12.9093 0.242555
1.67421e+09 -3.05735 -12.9178 0.240671
1.67421e+09 -2.99393 -12.81 0.256378
1.67421e+09 5.73087 -11.0836 0.232656
1.67421e+09 6.46169 -12.4546 0.258108
1.67421e+09 6.50804 -12.4876 0.272535
1.67421e+09 6.40646 -12.3349 0.273814
1.67421e+09 6.30977 -12.1992 0.283309
1.67421e+09 6.28321 -12.0919 0.27402
1.67421e+09 6.26368 -12.0251 0.270391
1.67421e+09 -9.73335 11.7152 0.238222
1.67421e+09 -10.9339 13.1787 0.266957
1.67421e+09 12.5676 13.1398 0.246439
1.67421e+09 14.1349 14.7845 0.276275
1.67421e+09 14.1468 14.7825 0.27849
1.67421e+09 13.9986 14.6078 0.268055
1.67421e+09 0.124719 -20.3318 0.263182
1.67421e+09 0.1026 -22.8601 0.285095
1.67421e+09 0.0858667 -22.855 0.279532
1.67421e+09 19.6215 -19.5516 0.325961
1.67421e+09 5.56685 21.0741 0.22407
1.67421e+09 6.28722 23.6911 0.24736
1.67421e+09 19.6828 12.9899 0.264245
1.67421e+09 10.2376 -13.1549 0.131695
