1687940927.39416695 6.76555061 2.6919899 0.202899426 0
1687940927.39416695 3.04368758 -5.5265193 0.220592603 1
1687940927.39416695 5.65586042 8.44395828 0.203572422 2
1687940927.39416695 2.14630198 16.3292751 0.249907702 3
1687940927.39416695 16.5995274 -2.84541535 0.252127707 4
1687940927.39416695 0.485782474 8.78632259 0.108598381 5
1687940927.39416695 12.7682467 6.00446796 0.191577524 6
1687940927.39416695 4.51654673 -9.38528442 0.102879994 7
1687940927.39416695 13.6072741 -3.23589039 0.147913873 8
1687940927.39416695 13.7374134 11.4464016 0.287502766 9
