1687940913.37469769 6.85173702 -4.32550716 0.225410774 0
1687940913.37469769 -4.41204786 5.72530174 0.252987742 1
1687940913.37469769 5.88816357 4.12920332 0.183947414 2
1687940913.37469769 -0.540629804 -6.63498592 0.143367395 3
1687940913.37469769 12.054574 4.29151201 0.211736977 4
1687940913.37469769 9.30418777 1.78573287 0.115498118 5
1687940913.37469769 0.564637184 5.39475584 0.110099427 6
1687940913.37469769 9.62229252 -5.19672871 0.12757118 7
1687940913.37469769 -4.88715839 -12.7451487 0.168569997 8
1687940913.37469769 7.06412172 10.1172771 0.119692415 9
1687940913.37469769 12.0369349 3.20941544 0.106630296 10
