1687940943.93514848 0.0997670665 -6.4605217 0.286710858 0
1687940943.93514848 6.68814278 -2.61161566 0.252550781 1
1687940943.93514848 -1.59403908 -10.8782053 0.26735729 2
1687940943.93514848 -0.561293483 8.75952911 0.203616872 3
1687940943.93514848 8.08661842 3.97804928 0.175486848 4
1687940943.93514848 2.62530732 5.90911198 0.0852385536 5
1687940943.93514848 12.7346487 -4.27856016 0.200334802 6
1687940943.93514848 17.2660027 -1.97160947 0.195100814 7
1687940943.93514848 -3.40618515 -9.54863167 0.129643723 8
1687940943.93514848 3.12989759 9.91776657 0.130224183 9
1687940943.93514848 1.57034326 -9.15308666 0.148858711 10
1687940943.93514848 1.07649744 -7.63277006 0.0804354325 11
1687940943.93514848 12.2277727 4.42190123 0.165218353 12
1687940943.93514848 4.60706568 16.2977886 0.195022002 13
1687940943.93514848 12.3069506 12.6481037 0.218859583 14
