1687940957.24861813 8.17919254 -4.76555586 0.221700594 0
1687940957.24861813 -1.23813546 -8.68624878 0.250908792 1
1687940957.24861813 -1.24550974 -7.93831682 0.0978804603 2
1687940957.24861813 -7.8700819 10.1238127 0.236684233 3
1687940957.24861813 2.00725555 -7.38954401 0.107337162 4
1687940957.24861813 -7.70942163 -8.18582344 0.183499604 5
1687940957.24861813 -1.15754843 7.23069715 0.105422765 6
1687940957.24861813 10.906559 3.50315475 0.118051149 7
1687940957.24861813 0.136838794 9.60159492 0.118273251 8
1687940957.24861813 -5.51747799 -20.9061337 0.219256446 9
1687940957.24861813 -9.69359112 -13.8259811 0.145635277 10
