1687940919.93056583 8.17017841 -2.73043561 0.254637301 0
1687940919.93056583 3.97945929 6.15442801 0.182022899 1
1687940919.93056583 -3.00499177 8.54988861 0.205062404 2
1687940919.93056583 -5.38169861 -5.41701698 0.1907392 3
1687940919.93056583 5.26471519 -3.11942959 0.121942334 4
1687940919.93056583 8.32348919 -5.94759035 0.138571158 5
1687940919.93056583 8.82601261 6.12609625 0.171958014 6
1687940919.93056583 5.23245525 11.5383568 0.205627859 7
1687940919.93056583 4.07806778 -12.235014 0.180430651 8
1687940919.93056583 -3.83378553 -9.31524563 0.101983353 9
1687940919.93056583 15.4942989 -3.41753554 0.233277872 10
1687940919.93056583 14.6554232 5.02851057 0.166956857 11
