1674207944.03445649 0.917316079 -5.74975443 0.325490445 0
1674207944.03445649 6.28477287 -8.42250443 0.320816219 1
1674207944.03445649 2.47379899 5.53273773 0.187816352 2
1674207944.03445649 6.51309013 6.56155539 0.206695408 3
1674207944.03445649 -2.72742224 -9.65755653 0.264711797 4
1674207944.03445649 17.9554996 -8.61682701 0.333436012 5
1674207944.03445649 -2.5789609 5.51771069 0.135910556 6
1674207944.03445649 10.5136824 11.716115 0.257389635 7
1674207944.03445649 18.1251945 3.55903411 0.261029392 8
1674207944.03445649 -10.0644207 -5.15991116 0.222463012 9
1674207944.03445649 -0.0915906876 12.763628 0.247082204 10
1674207944.03445649 2.61467719 7.35723162 0.0867316052 11
1674207944.03445649 -3.60669875 16.309761 0.301537961 12
1674207944.03445649 11.7417059 -12.1036282 0.169240266 13
1674207944.03445649 25.1184254 3.93906713 0.258936107 14
1674207944.03445649 -8.95772552 8.72017002 0.155737355 15
1674207944.03445649 17.8186016 11.5997686 0.24553068 16
1674207944.03445649 -13.9089003 -17.1747894 0.307828277 17
1674207944.03445649 8.36617851 -17.9100895 0.164363861 18
1674207944.03445649 -6.89309311 -13.5348072 0.180560067 19
1674207944.03445649 -15.7391376 -11.1577311 0.262718618 20
1674207944.03445649 12.0357132 6.09394932 0.109653883 21
1674207944.03445649 15.4666986 -8.76869011 0.166211247 22
1674207944.03445649 -6.66944838 6.11955404 0.106922351 23
1674207944.03445649 20.681633 15.2512817 0.247455597 24
1674207944.03445649 -13.4482622 23.237957 0.288789958 25
