1674207978.12500811 5.59486771 -8.28921127 0.31287086 0
1674207978.12500811 10.239975 -6.5417428 0.337293208 1
1674207978.12500811 5.35200357 4.12371254 0.201371595 2
1674207978.12500811 8.64891434 -16.7916336 0.31672588 3
1674207978.12500811 -6.312747 12.5076723 0.269687831 4
1674207978.12500811 15.4292431 3.57646251 0.264858752 5
1674207978.12500811 6.26665688 2.45528531 0.211753294 6
1674207978.12500811 5.58429384 1.73372185 0.19167833 7
1674207978.12500811 5.16439533 -26.8546829 0.300787061 8
1674207978.12500811 -9.56185722 8.2488203 0.163503006 9
1674207978.12500811 -6.50427532 9.53148556 0.0948631763 10
1674207978.12500811 -12.8985147 -15.7733765 0.24615863 11
