1.67421e+09 2.49391 -6.7851 0.223026
1.67421e+09 2.80034 -7.6349 0.248407
1.67421e+09 2.79589 -7.63285 0.244761
1.67421e+09 2.75832 -7.54938 0.238328
1.67421e+09 2.73524 -7.47248 0.236504
1.67421e+09 2.71635 -7.39301 0.229835
1.67421e+09 2.71201 -7.32893 0.228307
1.67421e+09 2.69971 -7.27894 0.224176
1.67421e+09 2.7007 -7.23739 0.228215
1.67421e+09 2.68749 -7.21213 0.236458
1.67421e+09 -5.91116 -6.73526 0.313027
1.67421e+09 -6.64461 -7.57969 0.349247
1.67421e+09 -6.6317 -7.57187 0.353198
1.67421e+09 -6.63027 -7.571 0.353637
1.67421e+09 3.51016 -12.4456 0.295235
1.67421e+09 4.01161 -14.2236 0.337411
1.67421e+09 4.00855 -14.1604 0.341383
1.67421e+09 3.94709 -13.905 0.337307
1.67421e+09 3.88626 -13.7219 0.338928
1.67421e+09 3.86836 -13.5762 0.33283
1.67421e+09 3.84567 -13.4502 0.317669
1.67421e+09 7.82685 8.0023 0.202396
1.67421e+09 8.81382 9.01716 0.225529
1.67421e+09 8.82751 9.03051 0.222452
1.67421e+09 8.73967 8.94108 0.218411
1.67421e+09 8.67073 8.86184 0.214237
1.67421e+09 8.60129 8.79358 0.21066
1.67421e+09 8.54309 8.73612 0.206957
1.67421e+09 8.49924 8.69082 0.205681
1.67421e+09 8.46295 8.65111 0.203428
1.67421e+09 8.43343 8.61779 0.201526
1.67421e+09 0.967554 10.3034 0.274722
1.67421e+09 1.0965 11.5945 0.305132
1.67421e+09 1.09826 11.581 0.292389
1.67421e+09 1.09603 11.4597 0.286376
1.67421e+09 -10.4644 9.873 0.309518
1.67421e+09 -11.752 11.1201 0.35294
1.67421e+09 -3.03174 9.70652 0.177554
1.67421e+09 -3.43574 10.9305 0.209633
1.67421e+09 -13.0933 -11.1964 0.30655
1.67421e+09 -14.702 -12.589 0.348231
1.67421e+09 -14.903 -12.763 0.353441
1.67421e+09 -14.7018 -12.6065 0.349086
1.67421e+09 14.7789 7.36878 0.254225
1.67421e+09 16.6262 8.31191 0.279139
1.67421e+09 16.6317 8.33612 0.275592
1.67421e+09 16.45 8.26253 0.265488
1.67421e+09 16.4318 8.25517 0.264477
1.67421e+09 16.2769 8.18435 0.260643
1.67421e+09 8.79326 -6.82236 0.167597
1.67421e+09 9.90708 -7.66431 0.184849
1.67421e+09 10.0463 -7.76955 0.187005
1.67421e+09 6.9781 -12.5597 0.208096
1.67421e+09 7.79311 -14.1622 0.226468
1.67421e+09 7.75256 -14.199 0.231619
1.67421e+09 -11.3865 14.7517 0.268524
1.67421e+09 -12.7937 16.6029 0.297355
1.67421e+09 7.6092 21.3163 0.246807
1.67421e+09 8.59028 24.0013 0.276662
