1687940894.61486268 11.5918655 5.54584455 0.321305484 0
1687940894.61486268 4.31279993 6.29330158 0.15439193 1
1687940894.61486268 1.58976173 -5.15220118 0.153306708 2
1687940894.61486268 0.469086319 7.7841568 0.21111092 3
1687940894.61486268 -4.23774815 8.62693405 0.167397439 4
1687940894.61486268 -4.27859545 -9.97195816 0.267289996 5
1687940894.61486268 5.20917368 -2.10360718 0.0900502056 6
1687940894.61486268 -4.87411833 -8.10246181 0.156401664 7
1687940894.61486268 -2.57688165 -5.12731981 0.0798522457 8
1687940894.61486268 6.45146799 -10.3903084 0.265205026 9
1687940894.61486268 4.05758619 -14.647953 0.199751645 10
