1.67421e+09 7.77094 -8.59579 0.318155
1.67421e+09 8.71419 -9.68871 0.354317
1.67421e+09 8.72275 -9.67221 0.346755
1.67421e+09 8.60934 -9.57099 0.337711
1.67421e+09 8.50997 -9.4773 0.329774
1.67421e+09 8.45367 -9.37666 0.324404
1.67421e+09 8.38852 -9.3094 0.317538
1.67421e+09 8.38351 -9.30423 0.31701
1.67421e+09 8.34548 -9.23593 0.309825
1.67421e+09 8.31742 -9.17142 0.307242
1.67421e+09 12.4593 -6.87139 0.335771
1.67421e+09 13.9722 -7.72286 0.355738
1.67421e+09 14.1613 -7.8293 0.358234
1.67421e+09 13.9996 -7.71881 0.358291
1.67421e+09 -3.55554 -12.003 0.357671
1.67421e+09 -4.06348 -13.7177 0.408766
1.67421e+09 -4.07473 -13.7098 0.403567
1.67421e+09 7.70064 3.87659 0.194899
1.67421e+09 8.64747 4.33368 0.227709
1.67421e+09 8.63251 4.33383 0.218404
1.67421e+09 8.53359 4.28666 0.207469
1.67421e+09 8.45257 4.22445 0.203677
1.67421e+09 8.37259 4.19113 0.197636
1.67421e+09 8.36592 4.18835 0.197133
1.67421e+09 8.30323 4.16144 0.188964
1.67421e+09 8.25447 4.12487 0.191872
1.67421e+09 10.9649 -17.0086 0.301632
1.67421e+09 -3.92736 12.2889 0.288084
1.67421e+09 -4.40184 13.8341 0.317135
1.67421e+09 -4.37704 13.8598 0.313738
1.67421e+09 -4.31287 13.7212 0.30757
1.67421e+09 -7.23459 8.15308 0.235465
1.67421e+09 -8.13766 9.16172 0.254644
1.67421e+09 -8.13402 9.15348 0.245895
1.67421e+09 -8.04241 9.04541 0.238868
1.67421e+09 -8.03325 9.0346 0.238166
1.67421e+09 17.8569 3.09705 0.294233
1.67421e+09 20.082 3.49494 0.334414
1.67421e+09 20.0553 3.50122 0.324922
1.67421e+09 19.8155 3.45787 0.309265
1.67421e+09 2.44346 10.7588 0.234154
1.67421e+09 2.75337 12.109 0.264764
1.67421e+09 2.74476 12.1094 0.268438
1.67421e+09 -10.8056 -15.8562 0.25861
1.67421e+09 -12.3493 -18.1214 0.295555
1.67421e+09 -12.3774 -18.1365 0.300639
