1.67421e+09 7.83659 3.60396 0.237286
1.67421e+09 7.26463 -8.49801 0.319101
1.67421e+09 7.58859 11.6806 0.236151
1.67421e+09 -4.29273 -8.03104 0.282864
1.67421e+09 12.2301 -6.02896 0.267172
1.67421e+09 -3.89444 7.06213 0.21841
1.67421e+09 -9.63932 -5.10804 0.325729
1.67421e+09 14.8835 3.7962 0.267794
1.67421e+09 4.71021 -8.46136 0.171994
1.67421e+09 0.320691 12.0837 0.25609
1.67421e+09 -7.90233 6.16988 0.199853
1.67421e+09 10.7204 -11.0192 0.175223
1.67421e+09 22.305 4.30393 0.233761
1.67421e+09 -10.2436 13.4696 0.285327
1.67421e+09 1.66927 6.47203 0.12132
1.67421e+09 1.12582 -11.8365 0.163652
1.67421e+09 -2.13754 17.5963 0.24704
1.67421e+09 -8.86032 -8.21095 0.156793
1.67421e+09 -13.4059 -8.82278 0.227851
1.67421e+09 10.761 15.2345 0.275709
1.67421e+09 12.8263 -18.9578 0.17569
1.67421e+09 -7.67086 7.93501 0.115755
