1687940923.3597908 -2.25090742 -5.7609477 0.223982692 0
1687940923.3597908 0.898629248 8.19852161 0.253826231 1
1687940923.3597908 11.470417 -3.7099936 0.245529607 2
1687940923.3597908 7.72410679 5.40682888 0.198645413 3
1687940923.3597908 8.44970131 -3.97546768 0.139584973 4
1687940923.3597908 -2.19079208 16.1838322 0.222297639 5
1687940923.3597908 -3.67494488 -8.15471649 0.148343742 6
1687940923.3597908 -4.27147055 8.77994251 0.157658473 7
1687940923.3597908 12.4544487 5.11176109 0.154263288 8
1687940923.3597908 11.3320112 -6.89251184 0.146642312 9
