1687940889.67271924 1.84099424 6.3093195 0.183642149 0
1687940889.67271924 9.01587868 5.46692324 0.338789165 1
1687940889.67271924 -0.762024641 -5.17817974 0.134643331 2
1687940889.67271924 -1.96643245 7.78996801 0.200330943 3
1687940889.67271924 8.19179058 3.72786784 0.293448776 4
1687940889.67271924 5.90915012 -5.20302916 0.21466285 5
1687940889.67271924 1.91929615 -14.7621908 0.238619387 6
1687940889.67271924 -4.81241226 6.40126705 0.111006141 7
1687940889.67271924 -6.717134 8.60146999 0.178201839 8
1687940889.67271924 -1.72752118 14.437314 0.139168695 9
