1687940947.76779032 3.9653182 -7.52411604 0.184510484 0
1687940947.76779032 11.4702616 -4.76900148 0.274829924 1
1687940947.76779032 1.86029232 -11.7245579 0.302975059 2
1687940947.76779032 5.69851303 7.51109028 0.202847093 3
1687940947.76779032 -1.11846256 11.1574841 0.237447664 4
1687940947.76779032 -3.82203913 -5.25839329 0.10339918 5
1687940947.76779032 -0.640623033 -5.41036367 0.173734963 6
1687940947.76779032 9.10156345 -4.89599276 0.111949712 7
1687940947.76779032 0.246427938 -10.1593542 0.159167096 8
1687940947.76779032 -3.38408399 -7.05123234 0.0763368458 9
1687940947.76779032 -6.25239944 -12.110014 0.193488687 10
1687940947.76779032 6.10648441 1.7002058 0.104895055 11
1687940947.76779032 8.50596237 4.18094254 0.11860875 12
