1687940921.84689474 -3.54684162 -5.60091114 0.219203606 0
1687940921.84689474 10.0273485 -2.94900775 0.257534921 1
1687940921.84689474 -1.06121075 8.42530823 0.202340782 2
1687940921.84689474 5.93678379 5.95159149 0.189629182 3
1687940921.84689474 6.99794722 -3.33715844 0.115635134 4
1687940921.84689474 -6.88780308 4.62604666 0.256585747 5
1687940921.84689474 7.13630199 11.2827311 0.200817913 6
1687940921.84689474 -4.42294121 16.3196049 0.221505821 7
1687940921.84689474 -2.02475905 -9.47089672 0.153608501 8
1687940921.84689474 10.070116 -6.14664984 0.146437153 9
1687940921.84689474 -6.22128439 8.78073502 0.138144448 10
1687940921.84689474 10.6707001 5.91331816 0.171592966 11
