1687940913.17296934 6.53050232 -4.37622309 0.226890281 0
1687940913.17296934 5.62583399 4.08292866 0.182413787 1
1687940913.17296934 -4.64081049 5.70195818 0.245457456 2
1687940913.17296934 -0.845545411 -6.64580202 0.141867071 3
1687940913.17296934 11.7928925 4.22258425 0.214944854 4
1687940913.17296934 9.39075184 -5.28611279 0.104007259 5
1687940913.17296934 0.250779092 5.36176348 0.113003977 6
1687940913.17296934 8.96882439 1.70992362 0.165805072 7
1687940913.17296934 -5.18021679 -12.7387085 0.18480134 8
1687940913.17296934 11.8649292 3.10008645 0.115098692 9
