1687940941.91793299 5.82526112 3.66579866 0.191300675 0
1687940941.91793299 6.52678537 -5.65627575 0.23345679 1
1687940941.91793299 -2.6544838 8.74507999 0.186853573 2
1687940941.91793299 0.408280641 5.82230043 0.0966895521 3
1687940941.91793299 10.1072226 -4.72218323 0.190605357 4
1687940941.91793299 14.8161936 -2.60819864 0.210805804 5
1687940941.91793299 3.61937547 -10.1694946 0.126388222 6
1687940941.91793299 -1.88090861 -7.77897501 0.156274438 7
1687940941.91793299 -2.78450394 -6.38207531 0.205050468 8
1687940941.91793299 1.09920895 9.80189705 0.11943309 9
1687940941.91793299 5.32899427 3.19354367 0.084145695 10
1687940941.91793299 9.95584583 4.03372812 0.178874448 11
