1.67421e+09 5.15043 -7.4246 0.306547
1.67421e+09 5.77833 -8.32658 0.343249
1.67421e+09 5.85682 -8.43933 0.347836
1.67421e+09 0.497097 9.10442 0.324685
1.67421e+09 0.563985 10.2291 0.358998
1.67421e+09 0.572346 10.3697 0.363287
1.67421e+09 7.84415 8.83514 0.215281
1.67421e+09 8.84926 9.92056 0.23594
1.67421e+09 8.83967 9.92466 0.22643
1.67421e+09 8.721 9.81641 0.214228
1.67421e+09 8.63109 9.71983 0.208951
1.67421e+09 8.54447 9.63875 0.199613
1.67421e+09 8.50704 9.58912 0.207009
1.67421e+09 11.8947 9.46428 0.327702
1.67421e+09 13.3951 10.6575 0.366209
1.67421e+09 13.4255 10.6735 0.367321
1.67421e+09 13.2927 10.5595 0.35506
1.67421e+09 13.2794 10.5482 0.353834
1.67421e+09 13.2781 10.547 0.353711
1.67421e+09 13.278 10.5469 0.353699
1.67421e+09 6.62654 13.6952 0.275516
1.67421e+09 7.47598 15.4094 0.30671
1.67421e+09 7.47998 15.4082 0.302991
1.67421e+09 7.40238 15.236 0.297349
1.67421e+09 7.33543 15.0784 0.291076
1.67421e+09 7.28209 14.9493 0.287253
1.67421e+09 7.243 14.8427 0.28179
1.67421e+09 14.5218 -13.1871 0.296783
1.67421e+09 16.3799 -14.8194 0.320456
1.67421e+09 16.6122 -15.0234 0.323416
1.67421e+09 16.4229 -14.8452 0.315316
1.67421e+09 16.4019 -14.8254 0.314416
1.67421e+09 16.3995 -14.8232 0.314316
1.67421e+09 5.72958 -18.8277 0.318807
1.67421e+09 6.4574 -21.1838 0.359765
1.67421e+09 6.47667 -21.1853 0.361582
1.67421e+09 6.44355 -20.9429 0.350886
1.67421e+09 6.36641 -20.7323 0.346984
1.67421e+09 6.3594 -20.7131 0.346629
1.67421e+09 6.35188 -20.5446 0.340965
1.67421e+09 -8.55896 12.4176 0.303559
1.67421e+09 -9.60965 13.9575 0.330967
1.67421e+09 13.4665 -7.56437 0.215892
1.67421e+09 15.1917 -8.5001 0.247283
1.67421e+09 15.213 -8.48751 0.236042
1.67421e+09 15.0443 -8.37757 0.236221
1.67421e+09 -8.32037 7.10141 0.247913
1.67421e+09 -0.401239 13.942 0.264602
1.67421e+09 -0.435475 15.6796 0.289741
1.67421e+09 18.8453 7.22985 0.212665
1.67421e+09 21.2118 8.13634 0.234758
1.67421e+09 21.224 8.13882 0.229101
1.67421e+09 21.0129 8.04799 0.224987
1.67421e+09 20.8235 7.96404 0.21981
1.67421e+09 20.6708 7.89209 0.212935
1.67421e+09 4.19925 -18.1673 0.182198
1.67421e+09 25.791 6.57826 0.245982
1.67421e+09 29.0324 7.40453 0.273183
1.67421e+09 29.019 7.38686 0.27287
1.67421e+09 28.6966 7.30532 0.272152
1.67421e+09 22.1519 10.4576 0.280248
1.67421e+09 24.9488 11.7656 0.310448
1.67421e+09 24.9773 11.7676 0.304235
1.67421e+09 24.7296 11.6377 0.293246
1.67421e+09 -7.35218 22.0264 0.287324
1.67421e+09 -8.23541 24.7683 0.313831
1.67421e+09 7.00339 -17.5348 0.138203
1.67421e+09 7.904 -19.7152 0.154584
1.67421e+09 7.93451 -19.6954 0.151005
