1687940894.51395273 1.52733874 -5.15531301 0.141948059 0
1687940894.51395273 11.259922 5.45843792 0.324504495 1
1687940894.51395273 0.335675031 7.88495064 0.207601786 2
1687940894.51395273 4.18296766 6.23527861 0.160842761 3
1687940894.51395273 -1.9172231 9.66545677 0.18974103 4
1687940894.51395273 6.1166482 -10.4078817 0.319974363 5
1687940894.51395273 -4.346457 8.66307735 0.173313111 6
1687940894.51395273 -2.66387939 -5.09180498 0.111960374 7
1687940894.51395273 2.47119403 15.45471 0.326608181 8
1687940894.51395273 8.322752 -5.18163919 0.20456557 9
