1687940936.77409601 0.473982811 -6.00888729 0.29920885 0
1687940936.77409601 8.67037964 -3.24464965 0.200102553 1
1687940936.77409601 3.96853876 -5.20488644 0.180623397 2
1687940936.77409601 12.1289577 4.27364111 0.245213598 3
1687940936.77409601 -2.00918388 -5.865767 0.216705605 4
1687940936.77409601 7.57964897 -12.0790243 0.211514801 5
1687940936.77409601 -7.2299118 -9.48237228 0.157803088 6
1687940936.77409601 -2.65774655 -10.4980307 0.159991354 7
1687940936.77409601 -5.29549313 5.60143566 0.114284128 8
1687940936.77409601 12.0350342 -3.01870584 0.153023168 9
