1687940955.4331193 6.94983625 -4.72680759 0.216497555 0
1687940955.4331193 -2.3983562 -8.578619 0.212641895 1
1687940955.4331193 -2.52812505 -7.87267494 0.111362405 2
1687940955.4331193 9.90072441 3.5379827 0.114191681 3
1687940955.4331193 -2.33387017 7.29613352 0.0935032964 4
1687940955.4331193 0.790475965 -7.32376862 0.0813130885 5
1687940955.4331193 -10.504817 -11.6629505 0.107794061 6
1687940955.4331193 -9.03323936 10.1502514 0.197300628 7
1687940955.4331193 4.63867283 -6.81920004 0.10736493 8
1687940955.4331193 -10.9546299 -13.6672411 0.162376374 9
