1687940918.11510611 5.72348833 -3.42921424 0.251941144 0
1687940918.11510611 2.0370667 5.68176603 0.180401564 1
1687940918.11510611 -4.67364311 8.4724474 0.205222651 2
1687940918.11510611 6.91315603 5.38192606 0.179972976 3
1687940918.11510611 13.2671766 -4.48581696 0.214315951 4
1687940918.11510611 5.59887695 -6.57844687 0.156271055 5
1687940918.11510611 1.02241957 -12.6285305 0.155818179 6
1687940918.11510611 12.5804319 3.94074988 0.168918908 7
1687940918.11510611 3.60599899 10.9972744 0.21890834 8
1687940918.11510611 2.1920023 9.69473076 0.103951141 9
1687940918.11510611 18.3756981 4.02954817 0.231355533 10
