1674207950.89294434 -3.456779 -8.06526375 0.309592426 0
1674207950.89294434 11.524066 4.50076008 0.245340019 1
1674207950.89294434 11.2084236 -9.029459 0.198543444 2
1674207950.89294434 15.673274 -7.73486567 0.247993186 3
1674207950.89294434 -2.70216918 12.1154652 0.233628452 4
1674207950.89294434 -5.92156458 -8.11880302 0.139078557 5
1674207950.89294434 0.044608064 -10.6504822 0.184390634 6
1674207950.89294434 -9.76797009 -11.2546272 0.190115631 7
1674207950.89294434 0.325424135 15.6199455 0.235267892 8
1674207950.89294434 13.3446264 -8.67174911 0.188406467 9
1674207950.89294434 2.18505526 -18.6931667 0.234667584 10
1674207950.89294434 16.093401 -17.4209709 0.193744451 11
1674207950.89294434 3.49667478 -9.30512333 0.129278183 12
