1687940942.72482991 5.19486046 -2.60248661 0.182459548 0
1687940942.72482991 6.68762827 3.93992209 0.175744429 1
1687940942.72482991 -1.95037031 8.77382565 0.186344728 2
1687940942.72482991 -1.61517346 -6.37852573 0.229273334 3
1687940942.72482991 1.20261145 5.9393034 0.0878332183 4
1687940942.72482991 11.2020473 -4.3014493 0.180361733 5
1687940942.72482991 15.831934 -2.06245899 0.200152621 6
1687940942.72482991 0.132776543 -9.1873436 0.152284741 7
1687940942.72482991 -5.07005596 -9.44702244 0.120332696 8
1687940942.72482991 10.7834282 4.42664337 0.143420711 9
1687940942.72482991 1.66034245 9.97817326 0.127347037 10
1687940942.72482991 10.9461994 12.5830088 0.207923815 11
1687940942.72482991 -11.0599318 -12.4024267 0.168176681 12
