1674207955.22985721 -2.94160795 5.25905704 0.261640996 0
1674207955.22985721 16.9427872 -10.6268444 0.305124849 1
1674207955.22985721 16.6639023 5.86988354 0.298314452 2
1674207955.22985721 2.15915632 6.87977648 0.140937597 3
1674207955.22985721 11.152914 5.38987875 0.220578238 4
1674207955.22985721 3.63637948 -14.7579002 0.194656372 5
1674207955.22985721 -10.2808914 5.14764404 0.27348569 6
1674207955.22985721 3.32184601 16.5471611 0.245604917 7
1674207955.22985721 16.4060001 11.3021774 0.207909524 8
1674207955.22985721 -4.1301198 -8.32392788 0.121743523 9
1674207955.22985721 12.2565126 22.5870628 0.244187444 10
1674207955.22985721 8.15997696 -24.3758965 0.241994441 11
1674207955.22985721 -13.7797508 -17.4711246 0.207680702 12
1674207955.22985721 -2.21819425 7.52260351 0.0679190978 13
1674207955.22985721 20.0608749 23.6312237 0.261762589 14
1674207955.22985721 3.40362501 23.1653538 0.247832105 15
1674207955.22985721 -13.6175966 16.9003735 0.211733446 16
1674207955.22985721 -16.7668571 13.542573 0.223721355 17
