1674207954.52386093 3.20408225 -7.30518246 0.290952623 0
1674207954.52386093 -7.80343866 4.89979649 0.284692168 1
1674207954.52386093 19.1107979 6.15540171 0.309767872 2
1674207954.52386093 19.6667004 -10.3427658 0.329132855 3
1674207954.52386093 4.59405756 6.86586761 0.142525598 4
1674207954.52386093 -10.74195 -4.83657122 0.287376791 5
1674207954.52386093 13.6135063 5.55141115 0.211115614 6
1674207954.52386093 5.58169889 16.5343304 0.234203354 7
1674207954.52386093 18.7737255 11.5524139 0.2055801 8
1674207954.52386093 -1.32828557 -8.4138546 0.114498295 9
1674207954.52386093 -10.8108225 -17.7611179 0.207964763 10
1674207954.52386093 0.818754733 -8.23282528 0.182465106 11
1674207954.52386093 -14.4658136 13.1650333 0.233307824 12
1674207954.52386093 -12.8715734 -9.65393162 0.16853635 13
1674207954.52386093 -11.3815002 16.5688496 0.228187874 14
1674207954.52386093 -1.36286092 7.03560448 0.0880302712 15
1674207954.52386093 0.226857349 7.40392017 0.0829749778 16
