1.67421e+09 10.4643 -8.45396 0.338818
1.67421e+09 11.8147 -9.50838 0.378826
1.67421e+09 11.7963 -9.50653 0.382547
1.67421e+09 11.6966 -9.39565 0.368901
1.67421e+09 10.6984 3.60004 0.25963
1.67421e+09 12.0266 4.04097 0.296142
1.67421e+09 12.0442 4.05445 0.293396
1.67421e+09 11.931 4.02322 0.290503
1.67421e+09 11.8258 3.99827 0.284577
1.67421e+09 11.7339 3.97141 0.27924
1.67421e+09 11.6635 3.95688 0.273607
1.67421e+09 11.6069 3.94829 0.269152
1.67421e+09 11.5619 3.94341 0.265456
1.67421e+09 11.5251 3.9417 0.261742
1.67421e+09 -1.04188 -8.19174 0.288074
1.67421e+09 -0.983217 7.00674 0.247952
1.67421e+09 -1.11949 7.87186 0.276752
1.67421e+09 -1.08997 7.86557 0.268488
1.67421e+09 -5.12456 6.00068 0.2306
1.67421e+09 -5.74263 6.74362 0.256757
1.67421e+09 -5.81989 6.83649 0.260026
1.67421e+09 -5.75159 6.75429 0.255454
1.67421e+09 -5.6581 6.66739 0.255104
1.67421e+09 15.1794 -5.91577 0.320745
1.67421e+09 17.075 -6.62591 0.351348
1.67421e+09 17.0782 -6.61574 0.343068
1.67421e+09 16.9157 -6.52631 0.328474
1.67421e+09 16.8994 -6.51736 0.327015
1.67421e+09 3.34165 12.0418 0.256882
1.67421e+09 3.76451 13.5386 0.287371
1.67421e+09 3.77372 13.5298 0.287107
1.67421e+09 3.74109 13.3709 0.283174
1.67421e+09 3.71285 13.2247 0.277447
1.67421e+09 3.71029 13.2114 0.276926
1.67421e+09 3.71005 13.2102 0.276879
1.67421e+09 4.09536 -11.8214 0.203415
1.67421e+09 4.64366 -13.3066 0.223116
1.67421e+09 4.64416 -13.3052 0.222843
1.67421e+09 4.59769 -13.1586 0.218512
1.67421e+09 4.57714 -13.0289 0.212186
1.67421e+09 4.56601 -12.9216 0.207239
1.67421e+09 4.56562 -12.8352 0.204611
1.67421e+09 4.56654 -12.7616 0.199692
1.67421e+09 4.56003 -12.6939 0.19288
1.67421e+09 7.91642 -8.53089 0.207369
1.67421e+09 8.89861 -9.59026 0.222219
1.67421e+09 8.90454 -9.60974 0.219705
1.67421e+09 8.9052 -9.6119 0.219426
1.67421e+09 8.79944 -9.46806 0.207252
1.67421e+09 8.69795 -9.33405 0.204161
1.67421e+09 8.63117 -9.22781 0.19767
1.67421e+09 8.5534 -9.16153 0.195653
1.67421e+09 17.8001 3.98583 0.264659
1.67421e+09 20.0185 4.47467 0.307058
1.67421e+09 20.0194 4.47266 0.304121
1.67421e+09 19.8154 4.43375 0.298424
1.67421e+09 19.6323 4.40237 0.292755
1.67421e+09 19.484 4.37948 0.286051
1.67421e+09 19.3268 4.33912 0.284568
1.67421e+09 19.2349 4.32809 0.288267
1.67421e+09 10.6119 11.7692 0.270413
1.67421e+09 11.9436 13.2429 0.295141
1.67421e+09 11.9605 13.257 0.291602
1.67421e+09 11.8334 13.1114 0.285634
1.67421e+09 11.7272 12.9837 0.279438
1.67421e+09 4.78908 6.40353 0.111697
1.67421e+09 5.37937 7.19886 0.121708
1.67421e+09 5.38171 7.20347 0.11707
1.67421e+09 5.32752 7.12696 0.113561
1.67421e+09 5.25956 7.05218 0.116504
1.67421e+09 5.2141 6.98353 0.111766
1.67421e+09 5.18331 6.93586 0.112064
1.67421e+09 -7.52709 13.1952 0.277988
1.67421e+09 -8.44285 14.8473 0.309307
1.67421e+09 0.784594 17.4769 0.247005
1.67421e+09 0.896678 19.9736 0.282291
1.67421e+09 -4.83442 7.71669 0.109856
1.67421e+09 -5.41654 8.68282 0.116266
1.67421e+09 25.2818 4.63562 0.228381
1.67421e+09 28.482 5.21399 0.256348
1.67421e+09 28.519 5.21264 0.249676
