1674207948.37142134 5.68830967 3.6212275 0.233263358 0
1674207948.37142134 5.01882362 -8.45591927 0.321170747 1
1674207948.37142134 9.97690773 -6.00559568 0.272408396 2
1674207948.37142134 -6.62675047 -7.83687878 0.270526171 3
1674207948.37142134 2.51025057 -8.55420399 0.192844674 4
1674207948.37142134 12.7432842 3.77648568 0.259334415 5
1674207948.37142134 5.49785614 11.7803907 0.279987425 6
1674207948.37142134 -6.01203346 7.19304705 0.214676052 7
1674207948.37142134 -1.76770461 12.2022457 0.268585622 8
1674207948.37142134 -11.8084116 -4.9191227 0.297940165 9
1674207948.37142134 8.40220642 -11.030098 0.176201195 10
1674207948.37142134 20.2469921 4.23625326 0.237935334 11
1674207948.37142134 8.47770786 15.2655268 0.225809485 12
1674207948.37142134 -0.46651563 6.54210424 0.143756151 13
1674207948.37142134 -1.14700437 -11.7487316 0.16207996 14
1674207948.37142134 -15.5666943 -8.66502285 0.231546655 15
