1687940908.33171797 15.5202093 -2.53148532 0.287852377 0
1687940908.33171797 3.21675777 -12.9307251 0.250606954 1
1687940908.33171797 9.15513515 -4.03966856 0.222413644 2
1687940908.33171797 4.5431695 5.61134434 0.192752123 3
1687940908.33171797 -10.2451439 -13.0556688 0.200797617 4
1687940908.33171797 -0.957597733 10.9590836 0.141580552 5
1687940908.33171797 -6.55997658 -6.70190525 0.146524072 6
1687940908.33171797 -0.728979051 -8.30033875 0.165796697 7
1687940908.33171797 3.39048958 7.06078005 0.0841412768 8
1687940908.33171797 -3.99271107 -15.4624481 0.159539461 9
