1687940954.82795906 6.33996964 -4.73881006 0.231635347 0
1687940954.82795906 -2.92605281 -8.56541443 0.206845343 1
1687940954.82795906 -3.03995967 -7.90763664 0.157725915 2
1687940954.82795906 3.78226066 -5.13282251 0.109346621 3
1687940954.82795906 0.255512685 -7.32849312 0.11353828 4
1687940954.82795906 -2.80103111 7.30778408 0.122523345 5
1687940954.82795906 9.41888142 3.51206803 0.124051221 6
1687940954.82795906 7.9937005 -9.90332413 0.134589493 7
1687940954.82795906 9.57318878 -11.4190073 0.279723465 8
1687940954.82795906 -1.551476 9.73768044 0.131574214 9
1687940954.82795906 -9.44393158 10.2634706 0.17187278 10
1687940954.82795906 -11.5978184 -13.615592 0.167076632 11
