1674207949.98520947 4.62771034 -5.77518034 0.273130774 0
1674207949.98520947 7.11559343 3.93964362 0.262830764 1
1674207949.98520947 14.5573988 4.419559 0.247760192 2
1674207949.98520947 -7.00127888 12.5077114 0.291553468 3
1674207949.98520947 19.1871986 -7.81693983 0.294336677 4
1674207949.98520947 3.07055688 -10.8104544 0.16674982 5
1674207949.98520947 -2.86313415 -8.24941921 0.189932004 6
1674207949.98520947 3.25465894 15.4567986 0.221054256 7
1674207949.98520947 -5.64896488 6.8203249 0.130130515 8
1674207949.98520947 -6.5657897 -11.4490376 0.153803468 9
1674207949.98520947 14.4974937 -9.15606594 0.157806277 10
1674207949.98520947 -11.0971088 7.50524521 0.180859163 11
1674207949.98520947 8.8870163 -16.032774 0.152614966 12
1674207949.98520947 20.2830124 15.9332733 0.25361979 13
1674207949.98520947 9.30696869 23.7677441 0.250397414 14
