1674207950.48941827 2.93746948 -5.7907896 0.303873807 0
1674207950.48941827 5.44140053 3.99193716 0.257380784 1
1674207950.48941827 -2.03988576 -8.14519787 0.311928332 2
1674207950.48941827 12.8502083 4.47096729 0.247696996 3
1674207950.48941827 17.172327 -7.79350901 0.292051136 4
1674207950.48941827 1.41630888 -10.7452011 0.165189952 5
1674207950.48941827 -1.39800763 12.0147715 0.227001742 6
1674207950.48941827 15.1486492 -8.59018517 0.230973244 7
1674207950.48941827 -8.66748428 12.6007538 0.29562518 8
1674207950.48941827 -4.52502251 -8.18680382 0.157512546 9
1674207950.48941827 1.62113416 15.5415421 0.235438302 10
1674207950.48941827 -8.34948444 -11.3238392 0.166544199 11
1674207950.48941827 12.8497772 -9.12087631 0.177677363 12
1674207950.48941827 -13.4302464 -7.43683243 0.263787329 13
1674207950.48941827 3.56781125 -18.7112617 0.240001097 14
1674207950.48941827 18.6044235 15.9469538 0.230118856 15
1674207950.48941827 17.4363651 -17.4079285 0.211855173 16
1674207950.48941827 7.68384409 23.8120422 0.279691368 17
