1674207967.53473425 1.6050663 -6.69671488 0.239060953 0
1674207967.53473425 -6.77828693 -6.59919786 0.337121844 1
1674207967.53473425 9.428442 -5.22546768 0.311508864 2
1674207967.53473425 7.0126605 8.21875191 0.189792797 3
1674207967.53473425 0.110641345 10.4671688 0.272528827 4
1674207967.53473425 -11.3841257 10.0062895 0.336966842 5
1674207967.53473425 13.8727112 7.5213666 0.249628782 6
1674207967.53473425 -3.9346776 9.85652161 0.190873384 7
1674207967.53473425 -5.21878529 14.6900005 0.279029995 8
1674207967.53473425 10.150341 11.3787737 0.260432094 9
1674207967.53473425 5.96438169 -12.468935 0.127867073 10
1674207967.53473425 -12.3046551 14.8985815 0.282188058 11
1674207967.53473425 6.74884176 21.5097523 0.223397344 12
