1687940927.898458 7.48007917 2.64350033 0.203878582 0
1687940927.898458 3.72798991 -5.54679203 0.185308889 1
1687940927.898458 6.32398176 8.39728642 0.207989514 2
1687940927.898458 8.24582577 -2.68330574 0.241271123 3
1687940927.898458 -3.1551187 -12.1368313 0.27365467 4
1687940927.898458 2.90367293 16.2249889 0.231648654 5
1687940927.898458 17.2129097 -2.9135294 0.256590813 6
1687940927.898458 13.4101009 5.93697834 0.190130755 7
1687940927.898458 -2.39662361 5.29658842 0.117733315 8
1687940927.898458 -7.18071842 11.4962311 0.200220436 9
1687940927.898458 14.5944834 11.3038235 0.278501004 10
1687940927.898458 14.2433414 -3.28584504 0.130687147 11
