1687940939.49730635 3.4405477 -6.2639432 0.264966339 0
1687940939.49730635 6.87535572 -5.48460674 0.18452926 1
1687940939.49730635 -4.93229771 8.67447758 0.18581371 2
1687940939.49730635 11.6506968 -3.67888188 0.192643031 3
1687940939.49730635 8.33955002 11.3417921 0.234337568 4
1687940939.49730635 -2.05186892 5.58907843 0.0864610597 5
1687940939.49730635 7.32239532 3.22157097 0.114358105 6
1687940939.49730635 0.0860273838 -10.5982933 0.184091121 7
1687940939.49730635 -1.13693452 9.51439095 0.125671238 8
1687940939.49730635 -4.55834913 -9.40102673 0.163032144 9
1687940939.49730635 -11.8072605 11.9665813 0.225846604 10
1687940939.49730635 10.3007278 -12.4385223 0.187326297 11
