1.67421e+09 8.53049 4.01234 0.331942
1.67421e+09 9.57975 4.52987 0.37375
1.67421e+09 9.5758 4.53688 0.373239
1.67421e+09 9.45804 4.4923 0.366462
1.67421e+09 -1.71248 -7.93366 0.323268
1.67421e+09 -1.92385 -8.9193 0.361764
1.67421e+09 -1.94461 -8.94121 0.363728
1.67421e+09 -1.94692 -8.94365 0.363946
1.67421e+09 9.74444 10.2092 0.257716
1.67421e+09 10.9401 11.5 0.28792
1.67421e+09 10.921 11.4985 0.280211
1.67421e+09 7.08736 11.2533 0.187498
1.67421e+09 7.98473 12.6741 0.207977
1.67421e+09 7.98653 12.6891 0.210959
1.67421e+09 7.90428 12.5623 0.210734
1.67421e+09 21.2424 -9.48504 0.232679
1.67421e+09 23.9482 -10.6151 0.277655
1.67421e+09 -1.36572 8.58966 0.139006
1.67421e+09 15.2197 5.63888 0.136171
1.67421e+09 17.0703 6.32368 0.170263
1.67421e+09 17.063 6.31712 0.165603
