1687940945.24630642 1.56599081 -6.6225543 0.235835135 0
1687940945.24630642 8.35437012 -3.07507515 0.257672191 1
1687940945.24630642 -0.307250798 -11.0083609 0.273797691 2
1687940945.24630642 9.98982143 3.45446587 0.192240521 3
1687940945.24630642 1.47574329 8.49561596 0.194065228 4
1687940945.24630642 6.10537148 -3.45132208 0.115407243 5
1687940945.24630642 1.19342923 -6.99678802 0.218306527 6
1687940945.24630642 -2.05669761 -9.58944607 0.129310742 7
1687940945.24630642 6.87936258 4.2506361 0.161321968 8
1687940945.24630642 5.22950029 9.60200787 0.139026865 9
1687940945.24630642 18.9752598 -2.77219152 0.178553626 10
1687940945.24630642 7.60450506 -10.3161259 0.135087535 11
1687940945.24630642 14.1629629 3.75475621 0.143260732 12
