1.67421e+09 6.85274 -6.13944 0.32701
1.67421e+09 -3.98516 -5.60303 0.234245
1.67421e+09 3.1477 -10.0129 0.247666
1.67421e+09 12.2975 -8.9054 0.303035
1.67421e+09 8.50712 5.10363 0.197236
1.67421e+09 5.9312 12.3239 0.231913
1.67421e+09 -7.81072 -17.4452 0.3037
1.67421e+09 12.6104 6.1711 0.193496
1.67421e+09 -2.95743 8.4089 0.172933
1.67421e+09 -0.715212 5.78138 0.120514
1.67421e+09 -9.6694 -11.5602 0.269315
1.67421e+09 2.50438 15.9382 0.305629
1.67421e+09 -7.40449 4.53776 0.164451
1.67421e+09 3.28995 5.12379 0.116431
1.67421e+09 -2.59481 5.24797 0.112112
1.67421e+09 24.1429 3.12064 0.276661
1.67421e+09 8.59345 6.87838 0.126731
1.67421e+09 13.9669 16.6373 0.233568
1.67421e+09 16.5672 11.2178 0.25365
1.67421e+09 -0.941533 -13.7666 0.178924
1.67421e+09 -12.4423 11.0976 0.253086
1.67421e+09 7.80208 -9.25169 0.139837
1.67421e+09 6.15479 -21.4989 0.177261
1.67421e+09 9.62552 23.1065 0.22253
