1674207962.99609804 8.85576248 8.40362263 0.287100971 0
1674207962.99609804 0.0992584005 6.55097961 0.265795201 1
1674207962.99609804 13.6675396 -7.92494488 0.29965046 2
1674207962.99609804 14.5685587 -19.2041817 0.265355527 3
1674207962.99609804 -4.02076769 8.74358654 0.226113632 4
1674207962.99609804 -7.46781635 -11.1732187 0.223851264 5
1674207962.99609804 8.05840015 13.333457 0.235522166 6
1674207962.99609804 6.88994408 -12.5027933 0.247291982 7
1674207962.99609804 16.4729881 8.33618927 0.230243161 8
1674207962.99609804 20.4386635 8.90816116 0.28333652 9
1674207962.99609804 5.4724617 -12.9206581 0.157044739 10
