1.67421e+09 -4.55115 -5.39056 0.301828
1.67421e+09 5.57125 4.81842 0.256195
1.67421e+09 -9.5601 -7.67087 0.326533
1.67421e+09 9.65281 -7.52023 0.281226
1.67421e+09 5.05236 -8.77864 0.142866
1.67421e+09 10.6775 6.64712 0.15893
1.67421e+09 7.27912 -8.38525 0.10099
1.67421e+09 -8.70834 4.42248 0.246315
1.67421e+09 4.60193 6.63679 0.0837955
1.67421e+09 25.1655 6.21228 0.308712
1.67421e+09 -8.57896 12.5286 0.253988
1.67421e+09 -6.08397 -10.2846 0.171043
1.67421e+09 5.60055 -28.1856 0.328151
1.67421e+09 6.1169 7.08972 0.0828741
1.67421e+09 19.7178 5.5478 0.206075
1.67421e+09 11.259 22.9004 0.261029
1.67421e+09 -3.74736 -18.4152 0.242995
1.67421e+09 -15.8145 13.128 0.29884
1.67421e+09 0.565485 24.1938 0.202768
1.67421e+09 -15.7497 -10.8504 0.202015
