1.67421e+09 6.9121 -7.3807 0.309208
1.67421e+09 -0.173651 -12.224 0.358978
1.67421e+09 -0.198458 -13.9702 0.410261
1.67421e+09 -6.56166 6.97326 0.270782
1.67421e+09 -7.38718 7.85382 0.311244
1.67421e+09 -7.39474 7.8611 0.315021
1.67421e+09 -7.3182 7.78066 0.315329
1.67421e+09 13.7077 9.35604 0.314931
1.67421e+09 15.4103 10.5215 0.35448
1.67421e+09 15.4198 10.5246 0.349686
1.67421e+09 15.2636 10.4104 0.339823
1.67421e+09 15.1274 10.3105 0.335916
1.67421e+09 15.115 10.3014 0.335561
1.67421e+09 9.62968 8.67589 0.238602
1.67421e+09 10.8437 9.7712 0.268571
1.67421e+09 10.846 9.78207 0.259382
1.67421e+09 10.7074 9.68387 0.248188
1.67421e+09 10.5876 9.59076 0.235091
1.67421e+09 10.4835 9.51202 0.222468
1.67421e+09 10.4322 9.43957 0.210766
1.67421e+09 7.62663 -18.9208 0.294695
1.67421e+09 8.54496 -21.293 0.338326
1.67421e+09 8.65975 -21.5895 0.34378
1.67421e+09 8.61875 -21.3194 0.338888
1.67421e+09 8.52997 -21.0557 0.332855
1.67421e+09 -6.7406 12.2431 0.286845
1.67421e+09 -7.56868 13.7633 0.316688
1.67421e+09 -7.58648 13.7722 0.318369
1.67421e+09 1.36258 13.7998 0.259831
1.67421e+09 1.53636 15.522 0.291014
1.67421e+09 1.54608 15.525 0.291989
1.67421e+09 1.54132 15.3491 0.284883
1.67421e+09 8.4449 13.5631 0.255358
1.67421e+09 9.51054 15.2559 0.285389
1.67421e+09 9.50999 15.2617 0.288425
1.67421e+09 9.41714 15.0923 0.28405
1.67421e+09 9.33835 14.9419 0.282549
1.67421e+09 9.2572 14.8134 0.278006
1.67421e+09 15.2973 -7.59703 0.254209
1.67421e+09 17.1956 -8.55848 0.279409
1.67421e+09 17.1987 -8.56079 0.271548
1.67421e+09 17.0212 -8.46209 0.252036
1.67421e+09 20.6217 7.13165 0.209571
1.67421e+09 23.2206 8.02305 0.231488
1.67421e+09 23.2489 8.02354 0.231552
1.67421e+09 23.0169 7.93019 0.226007
1.67421e+09 22.8115 7.84299 0.220898
1.67421e+09 6.01247 -18.306 0.18925
1.67421e+09 6.77409 -20.5855 0.207218
1.67421e+09 6.79626 -20.5837 0.21636
1.67421e+09 24.0203 10.3523 0.271922
1.67421e+09 27.0492 11.6424 0.298183
1.67421e+09 27.0867 11.6401 0.295653
1.67421e+09 -5.59728 21.8591 0.285143
1.67421e+09 -6.2608 24.5724 0.307803
1.67421e+09 27.6158 6.44511 0.256982
