1.67421e+09 7.25796 -8.48281 0.310713
1.67421e+09 8.1401 -9.55826 0.343658
1.67421e+09 8.1238 -9.56804 0.338324
1.67421e+09 8.05469 -9.44076 0.332922
1.67421e+09 7.98609 -9.34187 0.331929
1.67421e+09 7.93257 -9.24589 0.328437
1.67421e+09 7.85869 -9.19424 0.324991
1.67421e+09 7.80614 -9.14103 0.320256
1.67421e+09 7.75846 -9.0973 0.315202
1.67421e+09 7.73394 -9.04819 0.316124
1.67421e+09 7.16021 3.97075 0.171805
1.67421e+09 8.18309 4.538 0.196349
1.67421e+09 8.18192 4.54622 0.197192
1.67421e+09 8.05466 4.48377 0.191589
1.67421e+09 8.04052 4.47684 0.190967
1.67421e+09 7.955 4.42307 0.184705
1.67421e+09 7.85705 4.37559 0.177214
1.67421e+09 7.79765 4.32455 0.181699
1.67421e+09 7.75111 4.27638 0.188748
1.67421e+09 7.70224 4.24772 0.187673
1.67421e+09 -4.50966 12.3291 0.281746
1.67421e+09 -5.06341 13.8759 0.311816
1.67421e+09 -5.04667 13.8921 0.307389
1.67421e+09 -4.96934 13.7584 0.299254
1.67421e+09 10.4452 -16.9809 0.335719
1.67421e+09 11.7033 -19.1332 0.381503
1.67421e+09 11.6512 -19.1166 0.354159
1.67421e+09 -11.9907 -4.07068 0.33135
1.67421e+09 -13.5077 -4.61935 0.369563
1.67421e+09 17.2246 3.22077 0.277232
1.67421e+09 19.3701 3.60017 0.288159
1.67421e+09 -7.77275 8.12775 0.175141
1.67421e+09 -8.75879 9.14247 0.204362
1.67421e+09 -8.76625 9.14387 0.210446
1.67421e+09 -8.6581 9.03884 0.19849
1.67421e+09 -11.3198 -15.8405 0.24237
1.67421e+09 -12.9369 -18.1035 0.276995
1.67421e+09 -12.9375 -18.0706 0.261776
1.67421e+09 -12.7561 -17.8191 0.26381
1.67421e+09 6.79329 -18.6737 0.195719
