1674207970.45974135 5.70206976 -8.09579468 0.234164119 0
1674207970.45974135 0.894975483 8.1099968 0.257442087 1
1674207970.45974135 6.82864904 -11.3247042 0.276438683 2
1674207970.45974135 14.7638016 -5.77754211 0.271549404 3
1674207970.45974135 -6.00414991 8.73809242 0.199913919 4
1674207970.45974135 13.6717796 2.81444621 0.207491264 5
1674207970.45974135 8.79129696 15.8681383 0.306567997 6
1674207970.45974135 -2.86727929 11.9448023 0.256074339 7
1674207970.45974135 -12.9495163 10.8869448 0.264413327 8
1674207970.45974135 1.33073211 8.10396862 0.28888762 9
1674207970.45974135 16.1772442 -17.7981873 0.239421546 10
1674207970.45974135 -4.73523045 -6.16290951 0.160490066 11
