1687940922.04861879 -3.33650327 -5.60383177 0.209246799 0
1687940922.04861879 10.2080736 -2.99112344 0.249155357 1
1687940922.04861879 -0.849731565 8.42273712 0.221362054 2
1687940922.04861879 6.11225128 5.93094587 0.18686232 3
1687940922.04861879 7.21310472 -3.37287378 0.123994179 4
1687940922.04861879 -6.68360901 4.62881804 0.262726188 5
1687940922.04861879 -4.19663143 16.3175144 0.231128633 6
1687940922.04861879 7.3450675 11.2463341 0.189585522 7
1687940922.04861879 10.2540855 -6.18932533 0.146182194 8
1687940922.04861879 -6.01596355 8.78533077 0.138001457 9
