1.67421e+09 3.45745 -7.8395 0.323013
1.67421e+09 -4.98685 -6.40831 0.214983
1.67421e+09 1.40986 -6.57461 0.179622
1.67421e+09 4.01988 11.4605 0.270783
1.67421e+09 7.67119 7.48654 0.255872
1.67421e+09 -6.09694 10.6759 0.283901
1.67421e+09 11.7815 -8.75331 0.238633
1.67421e+09 12.8381 -12.047 0.284393
1.67421e+09 0.840027 8.39033 0.189754
1.67421e+09 21.0413 -6.49804 0.296216
1.67421e+09 -11.6838 15.0965 0.287222
1.67421e+09 -13.1212 -6.12799 0.258536
1.67421e+09 -10.5901 10.2405 0.192544
1.67421e+09 -0.548528 -12.2238 0.146402
1.67421e+09 11.3798 21.5083 0.281831
1.67421e+09 19.9452 1.92553 0.201036
1.67421e+09 -18.7411 15.4407 0.26884
1.67421e+09 -14.3554 -16.8456 0.172844
