1687940957.34946299 8.21919537 -4.78276968 0.212271705 0
1687940957.34946299 -1.07317185 -8.63664436 0.237726599 1
1687940957.34946299 -1.18931711 -7.93496752 0.089935489 2
1687940957.34946299 11.118618 3.50241184 0.17780298 3
1687940957.34946299 -7.90621758 10.053092 0.201680154 4
1687940957.34946299 -7.6571703 -8.18990707 0.182386845 5
1687940957.34946299 -1.09354329 7.22582388 0.113686107 6
1687940957.34946299 2.08011794 -7.41145372 0.106141455 7
1687940957.34946299 1.66428733 -9.12721252 0.0908937454 8
1687940957.34946299 -5.45791292 -20.903347 0.209578842 9
1687940957.34946299 -9.62416744 -13.8487854 0.161553606 10
