1.67421e+09 10.6093 -6.54898 0.359487
1.67421e+09 11.9363 -7.37629 0.404312
1.67421e+09 11.9615 -7.37302 0.404519
1.67421e+09 11.9643 -7.37266 0.404542
1.67421e+09 11.8572 -7.28218 0.399995
1.67421e+09 11.7615 -7.19609 0.392147
1.67421e+09 11.6829 -7.12044 0.383279
1.67421e+09 11.6227 -7.05684 0.376627
1.67421e+09 11.5756 -7.00089 0.369456
1.67421e+09 -0.154416 -5.81643 0.248023
1.67421e+09 -0.155269 -6.5208 0.274712
1.67421e+09 -0.167889 -6.52896 0.272099
1.67421e+09 -0.175067 -6.4634 0.266155
1.67421e+09 7.02579 -10.3854 0.262969
1.67421e+09 7.9229 -11.6767 0.29131
1.67421e+09 7.94455 -11.6698 0.286748
1.67421e+09 7.8676 -11.5358 0.280076
1.67421e+09 7.80589 -11.4117 0.274458
1.67421e+09 7.75957 -11.3075 0.270203
1.67421e+09 7.72618 -11.2208 0.268378
1.67421e+09 7.66024 -11.1529 0.267429
1.67421e+09 7.60394 -11.0969 0.268007
1.67421e+09 7.54996 -11.0464 0.268201
1.67421e+09 12.434 4.68551 0.185995
1.67421e+09 13.9688 5.26481 0.207005
1.67421e+09 13.9648 5.25887 0.204267
1.67421e+09 13.8215 5.20258 0.199265
1.67421e+09 13.7107 5.15875 0.19712
1.67421e+09 13.7006 5.15476 0.196925
1.67421e+09 13.6184 5.12334 0.192869
1.67421e+09 13.4898 5.08277 0.191824
1.67421e+09 7.31087 4.73803 0.136179
1.67421e+09 8.25575 5.32453 0.149474
1.67421e+09 8.28526 5.31724 0.145992
1.67421e+09 8.19175 5.25809 0.146123
1.67421e+09 8.09404 5.21234 0.147677
1.67421e+09 8.03845 5.17365 0.152444
1.67421e+09 7.97724 5.13609 0.149262
1.67421e+09 7.92964 5.10012 0.146188
1.67421e+09 7.89259 5.06838 0.143683
1.67421e+09 3.18242 5.47378 0.0877684
1.67421e+09 3.61603 6.15185 0.0988667
1.67421e+09 3.61668 6.14902 0.0963807
1.67421e+09 3.57859 6.08123 0.0977703
1.67421e+09 3.54005 6.00768 0.0959438
1.67421e+09 3.51847 5.95583 0.0965964
1.67421e+09 3.49633 5.92112 0.104417
1.67421e+09 3.46348 5.88606 0.102257
1.67421e+09 3.44124 5.86316 0.106279
1.67421e+09 -5.95474 -11.6417 0.262657
1.67421e+09 -6.69826 -13.0902 0.294339
1.67421e+09 -6.68611 -13.0705 0.292911
1.67421e+09 -6.61381 -12.8947 0.290446
1.67421e+09 6.51832 15.5767 0.274939
1.67421e+09 7.44951 17.8019 0.314215
1.67421e+09 7.58254 18.1198 0.319826
1.67421e+09 7.47529 17.8567 0.325958
1.67421e+09 1.06397 8.22658 0.203001
1.67421e+09 1.21597 9.40181 0.232001
1.67421e+09 1.21424 9.40186 0.23195
1.67421e+09 18.0062 -18.8229 0.196982
1.67421e+09 20.2854 -21.1342 0.214174
1.67421e+09 2.83738 -14.1577 0.160465
1.67421e+09 3.23856 -15.9079 0.180834
1.67421e+09 3.21793 -15.9167 0.179557
1.67421e+09 3.19085 -15.7338 0.177899
1.67421e+09 3.18021 -15.5581 0.176217
1.67421e+09 -9.50803 6.7163 0.178934
1.67421e+09 -10.6707 7.56117 0.197562
1.67421e+09 -4.0891 -17.5925 0.301994
1.67421e+09 10.9529 -23.2147 0.278024
1.67421e+09 18.0806 16.2022 0.247221
1.67421e+09 20.316 18.2269 0.276688
1.67421e+09 10.0715 12.0408 0.212177
