1687940912.66865778 5.79312897 -4.42357159 0.228761435 0
1687940912.66865778 -1.62776065 -6.61997461 0.151093453 1
1687940912.66865778 11.1120625 4.14533091 0.209338054 2
1687940912.66865778 -5.28226662 5.6805768 0.244941816 3
1687940912.66865778 -0.595405459 5.337605 0.105185159 4
1687940912.66865778 8.31077385 1.69412637 0.145096332 5
1687940912.66865778 13.2577152 8.96724319 0.25549373 6
1687940912.66865778 6.19802618 10.0412321 0.161138847 7
1687940912.66865778 11.2188663 3.04551172 0.131393984 8
1687940912.66865778 4.18878555 -8.95292091 0.123583265 9
