1.67421e+09 -0.417776 -8.15007 0.26813
1.67421e+09 11.0072 -8.42352 0.32186
1.67421e+09 -4.51985 5.96157 0.230655
1.67421e+09 11.3893 3.7162 0.245176
1.67421e+09 -0.0625042 6.99496 0.246385
1.67421e+09 3.93084 12.0108 0.259599
1.67421e+09 15.9867 -5.79345 0.280281
1.67421e+09 4.86897 -11.8402 0.173489
1.67421e+09 8.62691 -8.52639 0.184197
1.67421e+09 18.4407 4.05527 0.271386
1.67421e+09 11.2558 11.808 0.291718
1.67421e+09 5.36174 6.3568 0.131433
1.67421e+09 1.3378 17.4717 0.25631
1.67421e+09 -6.97934 13.1756 0.302139
1.67421e+09 -4.29238 7.69909 0.114254
1.67421e+09 -4.85748 -8.4356 0.144341
1.67421e+09 25.9756 4.68347 0.227201
