1687940947.26352859 1.62493062 -11.5488472 0.28198573 0
1687940947.26352859 10.8151255 -4.26002645 0.255560637 1
1687940947.26352859 4.76807356 7.8660202 0.208237201 2
1687940947.26352859 -1.18363869 -5.32560492 0.186548859 3
1687940947.26352859 8.6029253 -4.50731421 0.123505451 4
1687940947.26352859 -0.140792623 -9.96205521 0.143728077 5
1687940947.26352859 -2.19840193 11.216568 0.241725236 6
1687940947.26352859 -4.28727961 -5.27241182 0.0964350402 7
1687940947.26352859 5.31200981 2.01293468 0.0913064778 8
1687940947.26352859 -3.85780311 -7.07311869 0.101673216 9
1687940947.26352859 9.53643036 -11.4873295 0.154712543 10
