1687940920.23316431 8.48098183 -2.7792387 0.255993396 0
1687940920.23316431 -5.03399992 -5.4842701 0.198778152 1
1687940920.23316431 4.31872416 6.12953806 0.200651437 2
1687940920.23316431 -2.66177201 8.52364826 0.20331645 3
1687940920.23316431 5.46177816 -3.20889449 0.125882849 4
1687940920.23316431 5.51296711 11.4606533 0.206571445 5
1687940920.23316431 4.36931705 -12.247221 0.169596761 6
1687940920.23316431 9.08105946 6.05571699 0.197534084 7
1687940920.23316431 -3.52373219 -9.38022614 0.138879448 8
1687940920.23316431 15.853056 -3.46758914 0.22963804 9
1687940920.23316431 8.4203825 -5.91824007 0.143429205 10
1687940920.23316431 4.21434021 10.1291046 0.117854543 11
1687940920.23316431 14.968895 4.95478392 0.188581988 12
1687940920.23316431 -6.45209789 -7.95630741 0.140704557 13
1687940920.23316431 -6.06396914 16.4001598 0.209494576 14
