1674207950.38864303 3.28180265 -5.76135015 0.265091777 0
1674207950.38864303 5.78064537 3.98867416 0.268565655 1
1674207950.38864303 -1.70193362 -8.16965485 0.319806337 2
1674207950.38864303 13.1972876 4.4611187 0.243052691 3
1674207950.38864303 17.4657612 -7.78061056 0.271796674 4
1674207950.38864303 1.71032059 -10.7466078 0.156557187 5
1674207950.38864303 -1.08797526 12.0358353 0.249890164 6
1674207950.38864303 -8.34235287 12.575963 0.287830442 7
1674207950.38864303 -4.20052099 -8.17805862 0.156027123 8
1674207950.38864303 -8.01613522 -11.3436213 0.173276171 9
1674207950.38864303 1.92569625 15.5667439 0.266309321 10
1674207950.38864303 3.90405488 -18.720295 0.225689828 11
1674207950.38864303 15.4413013 -8.68155384 0.147363797 12
1674207950.38864303 -2.31317711 5.62837315 0.111504979 13
1674207950.38864303 13.1678047 -9.07582378 0.168688774 14
1674207950.38864303 18.9317303 15.9518013 0.233420044 15
