1674207963.09693718 3.82125568 -6.67584181 0.31678164 0
1674207963.09693718 8.43197155 8.51484489 0.283604652 1
1674207963.09693718 -0.370308399 6.59072781 0.269780189 2
1674207963.09693718 13.2267742 -7.81851864 0.286213517 3
1674207963.09693718 -4.48165178 8.70695877 0.2259956 4
1674207963.09693718 -7.95181847 -11.1171055 0.228292212 5
1674207963.09693718 13.9691944 -19.2483482 0.268036485 6
1674207963.09693718 7.57506323 13.3857851 0.239289463 7
1674207963.09693718 19.9472237 8.99944782 0.30246067 8
1674207963.09693718 15.9130735 8.41058922 0.194322973 9
1674207963.09693718 14.6621532 13.2106647 0.274455696 10
1674207963.09693718 12.5645313 -18.3927326 0.247680187 11
1674207963.09693718 0.725491941 -10.9354925 0.194351569 12
