1687940923.86410093 -1.76727951 -5.81389046 0.225258052 0
1687940923.86410093 1.50749195 8.06516933 0.208977014 1
1687940923.86410093 11.9439135 -3.94545364 0.26441887 2
1687940923.86410093 8.25512791 5.2564187 0.220297754 3
1687940923.86410093 -1.3905232 16.1488838 0.233132079 4
1687940923.86410093 8.94027042 -4.15458059 0.128791451 5
1687940923.86410093 -3.6278162 8.71141911 0.113134213 6
1687940923.86410093 -3.20044518 -8.18205643 0.118885949 7
1687940923.86410093 13.0983639 4.81506729 0.116314933 8
1687940923.86410093 11.7682276 -7.11387682 0.145358831 9
