1687940898.95175743 0.868987501 -7.83092833 0.221512645 0
1687940898.95175743 -0.62665832 8.94029903 0.17847538 1
1687940898.95175743 1.56833994 -9.53791332 0.249908924 2
1687940898.95175743 -4.57638073 10.8434782 0.258339465 3
1687940898.95175743 8.29915047 7.41250944 0.197888657 4
1687940898.95175743 4.17657757 8.56776428 0.165279463 5
1687940898.95175743 7.22258425 -1.9175936 0.117053092 6
1687940898.95175743 6.97572851 -4.04239082 0.119231738 7
1687940898.95175743 5.51322842 16.4997501 0.305839777 8
1687940898.95175743 1.40752292 7.01803875 0.134378657 9
1687940898.95175743 -8.18757343 -12.6653566 0.244693309 10
1687940898.95175743 -5.68412352 16.9595013 0.214592427 11
