1674207975.40180469 7.50556183 4.22322607 0.318101257 0
1674207975.40180469 -5.26723909 -4.57074404 0.264957786 1
1674207975.40180469 -6.14442253 4.47034407 0.203696027 2
1674207975.40180469 8.3901701 10.474185 0.267621279 3
1674207975.40180469 13.9448786 -8.74446297 0.283182561 4
1674207975.40180469 18.4727173 -6.96232033 0.286670566 5
1674207975.40180469 2.09945846 12.0160503 0.265243143 6
1674207975.40180469 -1.20075083 7.74011898 0.19059509 7
1674207975.40180469 17.1470585 -17.2549896 0.300513595 8
1674207975.40180469 -2.92885637 6.1872077 0.104001664 9
1674207975.40180469 -13.3507547 -9.44638348 0.251826465 10
1674207975.40180469 2.10928774 8.98390388 0.0973917544 11
1674207975.40180469 -4.1263833 -16.3194733 0.27447018 12
1674207975.40180469 -7.14141226 24.2176704 0.258645952 13
