1674207937.07508922 1.4079864 -6.00279665 0.25443989 0
1674207937.07508922 12.4643364 -6.72425365 0.340309411 1
1674207937.07508922 2.78161979 7.98110962 0.181844726 2
1674207937.07508922 9.10848999 4.47570467 0.1480093 3
1674207937.07508922 8.67702293 -10.5481129 0.256890118 4
1674207937.07508922 -4.4061861 -11.7141972 0.262120485 5
1674207937.07508922 14.2952776 4.4426012 0.193298265 6
1674207937.07508922 4.98946524 5.30785656 0.118041448 7
1674207937.07508922 8.42131996 15.4366121 0.288801521 8
1674207937.07508922 -7.76107216 6.68092299 0.193367615 9
1674207937.07508922 -6.62611914 10.9413824 0.196363181 10
1674207937.07508922 14.2885752 6.25805473 0.134463355 11
1674207937.07508922 -3.06208038 14.7777481 0.249887258 12
1674207937.07508922 -2.56787324 -17.658865 0.303327292 13
1674207937.07508922 4.32499409 -14.3633251 0.185219646 14
1674207937.07508922 3.3827796 11.1302023 0.104071833 15
1674207937.07508922 11.7215061 11.6958189 0.238004789 16
