1674207085.21368694 1.38034546 -8.20631504 0.232174918 0
1674207085.21368694 11.5059175 -6.74749088 0.379333615 1
1674207085.21368694 6.88964128 5.15045595 0.22022064 2
1674207085.21368694 4.60083532 -14.933301 0.293050736 3
1674207085.21368694 16.7779903 5.98472881 0.165175498 4
1674207085.21368694 1.99839747 -20.7844734 0.272526056 5
1674207085.21368694 6.64097214 6.1290226 0.0957358629 6
1674207085.21368694 17.778759 10.4069958 0.211219639 7
1674207085.21368694 22.9107304 3.84952354 0.158166274 8
1674207085.21368694 13.11866 -23.3463078 0.24272202 9
