1687940946.4566288 2.74239063 -7.01134014 0.217012912 0
1687940946.4566288 0.909248412 -11.2407255 0.288516402 1
1687940946.4566288 9.85870361 -3.57243443 0.261486083 2
1687940946.4566288 3.32776403 8.28907776 0.225798368 3
1687940946.4566288 11.7202415 2.87705684 0.177855238 4
1687940946.4566288 7.60614538 -3.8842628 0.111771911 5
1687940946.4566288 -0.841226041 -9.73736858 0.152424648 6
1687940946.4566288 -3.7605617 11.3287678 0.231577829 7
1687940946.4566288 20.5540638 -3.631814 0.196061224 8
1687940946.4566288 -5.06974554 -5.27601051 0.0995452479 9
1687940946.4566288 -4.67978239 -6.97219372 0.096345894 10
