1.67421e+09 11.0476 -6.59473 0.360129
1.67421e+09 12.4536 -7.40808 0.403258
1.67421e+09 12.4577 -7.40912 0.403959
1.67421e+09 12.3414 -7.31635 0.396882
1.67421e+09 12.2336 -7.22693 0.386634
1.67421e+09 12.2239 -7.2188 0.385702
1.67421e+09 12.223 -7.21806 0.385617
1.67421e+09 12.1586 -7.15334 0.38352
1.67421e+09 12.0437 -7.10245 0.377484
1.67421e+09 11.9623 -7.06551 0.376522
1.67421e+09 0.242366 -5.7979 0.240777
1.67421e+09 0.262332 -6.53284 0.268755
1.67421e+09 0.251487 -6.54406 0.266968
1.67421e+09 0.237613 -6.48816 0.269094
1.67421e+09 7.39177 -10.4209 0.272113
1.67421e+09 8.34158 -11.7328 0.317289
1.67421e+09 8.35794 -11.7254 0.311686
1.67421e+09 8.28234 -11.5884 0.302361
1.67421e+09 8.22105 -11.4589 0.294074
1.67421e+09 8.16627 -11.3534 0.287185
1.67421e+09 8.12796 -11.2624 0.281087
1.67421e+09 8.05858 -11.1891 0.27677
1.67421e+09 7.99525 -11.1308 0.277504
1.67421e+09 7.94057 -11.0797 0.275476
1.67421e+09 12.7182 4.62136 0.198244
1.67421e+09 14.3007 5.19355 0.219883
1.67421e+09 14.4986 5.26507 0.222588
1.67421e+09 14.3407 5.20099 0.216626
1.67421e+09 14.2053 5.14875 0.21737
1.67421e+09 14.0999 5.1097 0.218929
1.67421e+09 14.0182 5.06818 0.219794
1.67421e+09 13.9154 5.02654 0.214409
1.67421e+09 13.8372 4.99676 0.209557
1.67421e+09 7.60402 4.61689 0.154076
1.67421e+09 8.56457 5.20146 0.168046
1.67421e+09 8.57491 5.20712 0.165352
1.67421e+09 8.49787 5.14842 0.159857
1.67421e+09 8.42893 5.09309 0.155771
1.67421e+09 8.37404 5.04927 0.153387
1.67421e+09 8.3067 5.02009 0.149452
1.67421e+09 8.25407 4.96713 0.15592
1.67421e+09 8.25031 4.96335 0.156382
1.67421e+09 8.22753 4.94147 0.151466
1.67421e+09 3.57306 5.46395 0.116592
1.67421e+09 4.03504 6.13993 0.129182
1.67421e+09 4.00691 6.14221 0.125941
1.67421e+09 3.95252 6.07161 0.120154
1.67421e+09 3.92735 6.00508 0.116205
1.67421e+09 3.9192 5.94921 0.114513
1.67421e+09 3.88802 5.90484 0.112379
1.67421e+09 3.8724 5.86629 0.110606
1.67421e+09 3.84344 5.83762 0.109905
1.67421e+09 3.82475 5.80384 0.106909
1.67421e+09 -5.56196 -11.6124 0.263736
1.67421e+09 -6.27119 -13.082 0.296747
1.67421e+09 -6.2834 -13.0971 0.298841
1.67421e+09 -6.22178 -12.9738 0.295542
1.67421e+09 1.45866 8.17705 0.192566
1.67421e+09 1.64765 9.19572 0.208923
1.67421e+09 1.6578 9.19528 0.202531
1.67421e+09 6.98026 15.5569 0.312323
1.67421e+09 7.86371 17.5135 0.357012
1.67421e+09 7.84286 17.4999 0.351117
1.67421e+09 7.84054 17.4983 0.350462
1.67421e+09 7.84028 17.4982 0.35039
1.67421e+09 -3.72774 -17.6347 0.34041
1.67421e+09 -4.21364 -19.8605 0.382908
1.67421e+09 -9.06215 6.71715 0.165611
1.67421e+09 -10.3567 7.67674 0.18927
1.67421e+09 -4.52527 14.7721 0.240923
1.67421e+09 -5.17173 16.8824 0.27534
1.67421e+09 3.18846 -14.1807 0.163072
1.67421e+09 3.57451 -15.9576 0.180939
1.67421e+09 3.57086 -15.9587 0.173983
1.67421e+09 3.52866 -15.7823 0.168504
1.67421e+09 3.50082 -15.6237 0.173755
1.67421e+09 3.50162 -15.4721 0.167755
1.67421e+09 18.4712 16.1298 0.229451
1.67421e+09 20.7627 18.1509 0.265684
1.67421e+09 -2.72326 22.7973 0.296289
1.67421e+09 10.2131 -21.8212 0.197687
