1.67421e+09 10.1145 -6.43011 0.354481
1.67421e+09 11.4011 -7.23894 0.402413
1.67421e+09 11.4276 -7.23403 0.40267
1.67421e+09 11.2796 -7.14415 0.384262
1.67421e+09 11.2648 -7.13516 0.382421
1.67421e+09 11.185 -7.06545 0.380254
1.67421e+09 11.1196 -7.00055 0.379337
1.67421e+09 11.064 -6.93912 0.371726
1.67421e+09 11.0119 -6.8907 0.367123
1.67421e+09 11.0082 -6.88725 0.366794
1.67421e+09 6.39939 -10.2572 0.222602
1.67421e+09 7.17879 -11.5283 0.245391
1.67421e+09 7.19079 -11.5224 0.241054
1.67421e+09 7.13644 -11.3932 0.239544
1.67421e+09 7.07881 -11.2775 0.23874
1.67421e+09 7.03413 -11.1859 0.240588
1.67421e+09 7.00681 -11.1032 0.239736
1.67421e+09 6.94357 -11.0234 0.230284
1.67421e+09 6.89167 -10.9643 0.228622
1.67421e+09 -0.646878 -5.74023 0.241851
1.67421e+09 -0.745322 -6.4748 0.272718
1.67421e+09 -0.756985 -6.48471 0.270581
1.67421e+09 6.76208 4.73604 0.156158
1.67421e+09 7.59637 5.34032 0.171307
1.67421e+09 7.59115 5.34891 0.166711
1.67421e+09 7.51072 5.29199 0.162131
1.67421e+09 7.43843 5.23539 0.157505
1.67421e+09 7.35225 5.19892 0.15171
1.67421e+09 7.28387 5.1704 0.147363
1.67421e+09 7.23113 5.14433 0.143797
1.67421e+09 7.19929 5.11106 0.14025
1.67421e+09 7.19717 5.10884 0.140013
1.67421e+09 11.8461 4.81959 0.211681
1.67421e+09 13.3232 5.41602 0.234467
1.67421e+09 13.3221 5.40808 0.229273
1.67421e+09 13.1805 5.34376 0.222837
1.67421e+09 13.0596 5.29038 0.216928
1.67421e+09 12.9682 5.2499 0.215459
1.67421e+09 12.9021 5.21683 0.213739
1.67421e+09 12.8293 5.18513 0.209772
1.67421e+09 12.8241 5.18286 0.209489
1.67421e+09 12.7329 5.15502 0.20816
1.67421e+09 2.7032 5.51142 0.0940595
1.67421e+09 3.05528 6.22832 0.134357
1.67421e+09 3.02208 6.23828 0.133749
1.67421e+09 2.96091 6.17463 0.129588
1.67421e+09 2.9548 6.16827 0.129172
1.67421e+09 2.90206 6.11823 0.127092
1.67421e+09 2.86021 6.06769 0.123738
1.67421e+09 -6.43761 -11.618 0.264856
1.67421e+09 -7.25371 -13.0832 0.297666
1.67421e+09 -7.24229 -13.0674 0.296935
1.67421e+09 -7.1519 -12.8987 0.291651
1.67421e+09 5.89205 15.6813 0.294169
1.67421e+09 6.63659 17.6468 0.332136
1.67421e+09 6.72966 17.8924 0.336882
1.67421e+09 0.483964 8.2365 0.171514
1.67421e+09 0.527536 9.26072 0.191198
1.67421e+09 -9.04617 10.9368 0.218034
1.67421e+09 -10.1817 12.299 0.24328
1.67421e+09 -10.1676 12.332 0.243805
1.67421e+09 -10.0295 12.2259 0.235358
1.67421e+09 10.3892 -23.1789 0.261564
1.67421e+09 11.7688 -26.068 0.309129
1.67421e+09 -5.56562 14.7813 0.271211
1.67421e+09 -6.2314 16.6658 0.290877
1.67421e+09 -6.2471 16.6782 0.301658
1.67421e+09 2.38203 -14.0969 0.165129
1.67421e+09 2.67601 -15.8609 0.183309
1.67421e+09 2.6845 -15.8543 0.183824
1.67421e+09 2.66973 -15.6731 0.185183
1.67421e+09 2.62093 -15.5263 0.185347
1.67421e+09 2.62653 -15.3848 0.18412
1.67421e+09 -4.56087 -17.5967 0.297548
1.67421e+09 -5.12134 -19.7651 0.319799
1.67421e+09 -5.1914 -20.0362 0.32258
1.67421e+09 15.5942 -9.06064 0.228612
1.67421e+09 9.40652 12.1018 0.235592
1.67421e+09 10.5829 13.6123 0.261491
1.67421e+09 10.554 13.5987 0.264224
1.67421e+09 -10.0793 6.69572 0.168617
1.67421e+09 -11.3193 7.53555 0.184128
1.67421e+09 17.4022 16.3263 0.244896
1.67421e+09 19.6007 18.3644 0.26977
1.67421e+09 19.6322 18.3691 0.269778
1.67421e+09 11.9186 6.60663 0.109569
1.67421e+09 13.4258 7.44466 0.119382
1.67421e+09 27.4951 2.64358 0.300313
1.67421e+09 30.9655 3.0182 0.338499
