1.67421e+09 8.05141 4.0024 0.316431
1.67421e+09 9.05201 4.50607 0.355039
1.67421e+09 9.05224 4.51214 0.363093
1.67421e+09 8.95673 4.45805 0.360048
1.67421e+09 8.86607 4.41278 0.35465
1.67421e+09 -2.18214 -7.91566 0.320666
1.67421e+09 -2.45321 -8.89753 0.357423
1.67421e+09 -2.4716 -8.9149 0.354152
1.67421e+09 9.35212 10.1525 0.252263
1.67421e+09 10.6881 11.6028 0.288301
1.67421e+09 10.67 11.606 0.278743
1.67421e+09 10.5107 11.4711 0.285516
1.67421e+09 10.364 11.3326 0.276378
1.67421e+09 10.3493 11.3187 0.275464
1.67421e+09 0.0584189 10.7129 0.256276
1.67421e+09 0.0506299 12.0486 0.284567
1.67421e+09 20.8483 -9.48835 0.252257
1.67421e+09 23.4742 -10.6157 0.267187
1.67421e+09 14.7905 5.57981 0.14938
1.67421e+09 16.6456 6.27329 0.170961
1.67421e+09 16.6588 6.27687 0.181675
1.67421e+09 16.4259 6.19263 0.201
