1.67421e+09 1.53431 -7.22586 0.287118
1.67421e+09 -3.22302 9.32559 0.317948
1.67421e+09 8.25482 9.83989 0.31964
1.67421e+09 -7.96909 -6.0195 0.309257
1.67421e+09 4.14369 9.18735 0.188242
1.67421e+09 -5.66896 -11.8592 0.355302
1.67421e+09 10.9148 -12.8508 0.314773
1.67421e+09 9.90095 -7.18091 0.196495
1.67421e+09 2.96309 13.9714 0.248587
1.67421e+09 15.2565 7.63065 0.189231
1.67421e+09 18.5014 10.8669 0.250162
1.67421e+09 2.353 -18.5569 0.316138
1.67421e+09 -12.2345 12.5478 0.3009
1.67421e+09 -11.0876 -10.1896 0.184349
1.67421e+09 22.0889 7.01899 0.224045
1.67421e+09 0.785756 -17.8946 0.193794
1.67421e+09 14.9126 20.7996 0.237558
