1.67421e+09 -5.81263 5.47937 0.282345
1.67421e+09 -6.52821 6.16601 0.315554
1.67421e+09 -6.51602 6.16742 0.312357
1.67421e+09 -6.45129 6.09803 0.314447
1.67421e+09 -6.38253 6.03451 0.309437
1.67421e+09 -6.37628 6.02874 0.308981
1.67421e+09 -6.32434 5.98015 0.298212
1.67421e+09 13.7882 5.60744 0.350872
1.67421e+09 15.5024 6.29195 0.38687
1.67421e+09 15.496 6.28321 0.379999
1.67421e+09 15.3292 6.21531 0.377687
1.67421e+09 15.1806 6.16789 0.370822
1.67421e+09 15.0605 6.13438 0.366705
1.67421e+09 14.9671 6.1083 0.364581
1.67421e+09 14.9599 6.1063 0.364417
1.67421e+09 14.9593 6.10614 0.364405
1.67421e+09 8.18787 5.19947 0.201233
1.67421e+09 9.22488 5.86081 0.230096
1.67421e+09 9.26031 5.88553 0.240139
1.67421e+09 9.18612 5.84408 0.238688
1.67421e+09 9.11177 5.7999 0.234777
1.67421e+09 9.04053 5.75542 0.231822
1.67421e+09 8.985 5.72156 0.229291
1.67421e+09 8.93444 5.69112 0.225305
1.67421e+09 8.89314 5.66723 0.222605
1.67421e+09 8.86255 5.64978 0.221019
1.67421e+09 13.5505 -10.8094 0.292503
1.67421e+09 15.2679 -12.1623 0.320935
1.67421e+09 15.4826 -12.3314 0.324489
1.67421e+09 15.3162 -12.1969 0.32192
1.67421e+09 15.2977 -12.182 0.321635
1.67421e+09 13.5254 10.9978 0.224616
1.67421e+09 15.2469 12.39 0.251026
1.67421e+09 15.2786 12.4095 0.24848
1.67421e+09 15.1171 12.2763 0.24121
1.67421e+09 14.9722 12.1599 0.23842
1.67421e+09 14.8635 12.0653 0.231158
1.67421e+09 14.7791 11.9903 0.225282
1.67421e+09 14.715 11.9337 0.223546
1.67421e+09 -0.631446 6.97728 0.121009
1.67421e+09 -0.721652 7.97403 0.138296
1.67421e+09 -0.706561 7.97371 0.136832
1.67421e+09 -0.696246 7.8747 0.147518
1.67421e+09 0.679252 16.6308 0.246745
1.67421e+09 0.772398 18.7068 0.272169
1.67421e+09 0.781623 18.7098 0.270099
1.67421e+09 0.781649 18.5033 0.262843
1.67421e+09 0.319544 -14.7012 0.189489
1.67421e+09 4.55895 -24.4153 0.270847
1.67421e+09 5.12756 -27.4275 0.288632
1.67421e+09 5.1259 -27.4324 0.28305
1.67421e+09 5.08047 -27.1179 0.269677
1.67421e+09 -7.41592 -8.07336 0.107837
1.67421e+09 -8.32856 -9.06877 0.117918
1.67421e+09 -8.33464 -9.07513 0.116959
1.67421e+09 -8.23855 -8.97061 0.111582
1.67421e+09 -8.14871 -8.87348 0.109514
1.67421e+09 21.6851 -11.8716 0.283733
1.67421e+09 24.783 -13.5675 0.324266
1.67421e+09 25.2255 -13.8098 0.330056
1.67421e+09 -7.79716 20.3078 0.316241
1.67421e+09 9.75101 22.4586 0.235026
1.67421e+09 10.9951 25.2771 0.265783
1.67421e+09 11.0214 25.2898 0.266067
1.67421e+09 17.5572 23.364 0.278167
1.67421e+09 19.7651 26.2863 0.304836
1.67421e+09 19.7796 26.2829 0.29294
