1.67421e+09 -3.70036 6.04348 0.327057
1.67421e+09 -4.17115 6.80831 0.372857
1.67421e+09 -4.16578 6.79766 0.362353
1.67421e+09 -4.11987 6.71726 0.355703
1.67421e+09 -4.07889 6.64362 0.347494
1.67421e+09 19.5434 7.97482 0.291645
1.67421e+09 21.9867 8.97903 0.338386
1.67421e+09 22.0047 8.94855 0.339522
1.67421e+09 21.7814 8.84086 0.332095
1.67421e+09 21.5881 8.74721 0.324195
1.67421e+09 21.5706 8.7387 0.323477
1.67421e+09 21.3912 8.6612 0.314302
1.67421e+09 21.2293 8.58807 0.31421
1.67421e+09 10.6254 6.00944 0.287561
1.67421e+09 11.9712 6.7655 0.318702
1.67421e+09 11.9908 6.77043 0.316466
1.67421e+09 11.87 6.69496 0.306754
1.67421e+09 11.7675 6.6298 0.300058
1.67421e+09 11.663 6.57833 0.299323
1.67421e+09 11.5869 6.53525 0.298339
1.67421e+09 11.5128 6.49692 0.295531
1.67421e+09 11.4663 6.47027 0.295535
1.67421e+09 11.437 6.4488 0.297962
1.67421e+09 6.5246 8.17122 0.215741
1.67421e+09 7.35099 9.19935 0.244171
1.67421e+09 7.36047 9.23147 0.249272
1.67421e+09 7.28216 9.18304 0.257123
1.67421e+09 7.1724 9.05181 0.252409
1.67421e+09 7.11208 8.97554 0.248948
1.67421e+09 3.18938 -11.639 0.254347
1.67421e+09 3.61105 -13.1103 0.282894
1.67421e+09 3.65905 -13.1267 0.278154
1.67421e+09 3.66438 -13.1286 0.277627
1.67421e+09 3.66498 -13.1288 0.277568
1.67421e+09 3.63587 -12.9841 0.264061
1.67421e+09 3.62874 -12.8535 0.254576
1.67421e+09 3.63434 -12.7576 0.247566
1.67421e+09 3.63481 -12.7496 0.246982
1.67421e+09 3.62591 -12.6495 0.237414
1.67421e+09 14.9542 -7.13792 0.285265
1.67421e+09 16.8166 -8.02917 0.312492
1.67421e+09 16.8278 -8.00107 0.294317
1.67421e+09 10.5721 11.2427 0.249799
1.67421e+09 12.0824 12.8488 0.285484
1.67421e+09 12.1251 12.8454 0.29036
1.67421e+09 11.919 12.6755 0.290715
1.67421e+09 11.7603 12.5179 0.284647
1.67421e+09 11.6448 12.3881 0.2799
1.67421e+09 11.5374 12.2899 0.278974
1.67421e+09 -3.65287 11.515 0.254701
1.67421e+09 -4.10213 12.952 0.283761
1.67421e+09 -4.09322 12.9538 0.282648
1.67421e+09 -4.02842 12.8123 0.276839
1.67421e+09 -9.19546 5.96852 0.205321
1.67421e+09 18.6801 12.9297 0.251953
1.67421e+09 21.0381 14.5461 0.278471
1.67421e+09 21.0704 14.5502 0.280846
1.67421e+09 20.8375 14.3906 0.278743
1.67421e+09 20.6495 14.2439 0.27374
1.67421e+09 20.4989 14.121 0.265188
1.67421e+09 24.7967 -8.16822 0.23757
1.67421e+09 27.891 -9.19786 0.280998
1.67421e+09 27.872 -9.18991 0.272683
1.67421e+09 -17.9478 -13.6709 0.197468
1.67421e+09 -20.1562 -15.3754 0.224566
