1674207947.56450486 7.65541649 -8.50443745 0.334652275 0
1674207947.56450486 8.14326382 3.63882089 0.232918367 1
1674207947.56450486 12.624115 -5.8749485 0.276673406 2
1674207947.56450486 -3.63544297 7.06226826 0.224214002 3
1674207947.56450486 -9.27866936 -5.15134716 0.330257654 4
1674207947.56450486 8.12770653 11.743844 0.283872992 5
1674207947.56450486 15.1576958 3.84637809 0.252096862 6
1674207947.56450486 0.585434794 12.0908871 0.258853495 7
1674207947.56450486 5.14858818 -8.5092802 0.174985304 8
1674207947.56450486 -7.65129852 6.1360445 0.201662719 9
1674207947.56450486 1.94825709 6.4681325 0.105441548 10
1674207947.56450486 1.43346012 -11.8162327 0.163905531 11
1674207947.56450486 22.6473961 4.38306522 0.240858003 12
1674207947.56450486 11.1301336 -10.965744 0.17050676 13
1674207947.56450486 -1.88766181 17.6201744 0.276479304 14
1674207947.56450486 -10.0101166 13.4403982 0.290832728 15
1674207947.56450486 -8.48231602 -8.22079468 0.151449993 16
1674207947.56450486 -13.0183649 -8.90277576 0.234746084 17
1674207947.56450486 19.3329754 18.858902 0.256440729 18
1674207947.56450486 11.0689783 15.2027617 0.216767266 19
