1687940948.77639866 5.18092442 -7.65824699 0.296749115 0
1687940948.77639866 0.474155426 11.0857401 0.23752299 1
1687940948.77639866 3.05736136 -11.764267 0.287339598 2
1687940948.77639866 7.05631208 7.29727602 0.225572541 3
1687940948.77639866 -2.64415121 -5.29026985 0.0899598598 4
1687940948.77639866 12.5779152 -4.92932415 0.242877424 5
1687940948.77639866 0.481081188 -5.44556427 0.174624175 6
1687940948.77639866 -2.18435049 -7.09439087 0.0993822664 7
1687940948.77639866 -5.07922935 -12.1336021 0.195644766 8
1687940948.77639866 9.74809074 4.03198385 0.120719962 9
1687940948.77639866 1.27843225 -10.156024 0.11842525 10
