1.67421e+09 5.09006 7.667 0.274696
1.67421e+09 9.30994 -8.54489 0.268033
1.67421e+09 10.3672 -11.7794 0.265204
1.67421e+09 -1.08637 -6.44376 0.19363
1.67421e+09 -7.47092 -6.30842 0.209688
1.67421e+09 18.4567 -6.24985 0.299391
1.67421e+09 1.43698 11.6388 0.256205
1.67421e+09 -9.14146 10.7571 0.279992
1.67421e+09 -1.76584 8.51393 0.190251
1.67421e+09 1.01705 -7.61342 0.290657
1.67421e+09 -6.3766 -12.0342 0.320536
1.67421e+09 12.7034 15.3783 0.293656
1.67421e+09 17.5051 2.21565 0.231229
1.67421e+09 -14.3844 15.0929 0.296152
1.67421e+09 -2.93071 -12.1149 0.167559
1.67421e+09 -2.0003 21.6665 0.271206
1.67421e+09 -21.4328 15.3392 0.2689
