1.67421e+09 1.37074 -6.02607 0.271026
1.67421e+09 1.56667 -6.74841 0.299495
1.67421e+09 1.55745 -6.75916 0.296748
1.67421e+09 1.52918 -6.69136 0.29073
1.67421e+09 1.50635 -6.62954 0.286177
1.67421e+09 1.49495 -6.57189 0.282386
1.67421e+09 1.49374 -6.51598 0.28027
1.67421e+09 1.50183 -6.4557 0.276572
1.67421e+09 1.48818 -6.42812 0.274143
1.67421e+09 1.47994 -6.39967 0.27129
1.67421e+09 14.1942 4.45038 0.215759
1.67421e+09 15.9941 5.01472 0.240402
1.67421e+09 15.9966 5.01025 0.239843
1.67421e+09 15.8229 4.95148 0.232529
1.67421e+09 15.6712 4.90491 0.225302
1.67421e+09 15.5598 4.87132 0.220923
1.67421e+09 15.442 4.82977 0.215642
1.67421e+09 15.3584 4.80718 0.22001
1.67421e+09 15.297 4.78145 0.217535
1.67421e+09 12.2702 -6.79188 0.353492
1.67421e+09 13.8323 -7.63499 0.396819
1.67421e+09 13.8573 -7.63677 0.400147
1.67421e+09 13.732 -7.54203 0.396171
1.67421e+09 13.6151 -7.44996 0.386946
1.67421e+09 13.5219 -7.37093 0.379316
1.67421e+09 13.4493 -7.30225 0.371701
1.67421e+09 13.3487 -7.25315 0.361268
1.67421e+09 13.3008 -7.20253 0.354277
1.67421e+09 2.74564 7.99173 0.212553
1.67421e+09 3.07702 8.98173 0.233309
1.67421e+09 3.07036 8.97772 0.228048
1.67421e+09 3.0393 8.88082 0.224939
1.67421e+09 3.01257 8.80644 0.231626
1.67421e+09 2.99368 8.74503 0.23422
1.67421e+09 2.98966 8.69313 0.229805
1.67421e+09 2.96806 8.63378 0.222767
1.67421e+09 2.9595 8.59417 0.219406
1.67421e+09 2.9501 8.55829 0.216566
1.67421e+09 8.55558 -10.5705 0.256656
1.67421e+09 9.63856 -11.8895 0.286378
1.67421e+09 9.65568 -11.8812 0.282249
1.67421e+09 9.57982 -11.734 0.276968
1.67421e+09 9.49649 -11.6068 0.269424
1.67421e+09 9.44002 -11.497 0.264916
1.67421e+09 9.35153 -11.4154 0.2675
1.67421e+09 -4.40169 -11.6819 0.266064
1.67421e+09 -4.96437 -13.1597 0.29957
1.67421e+09 -4.96587 -13.1576 0.298246
1.67421e+09 -4.91716 -13.0313 0.293657
1.67421e+09 9.12395 4.41858 0.144767
1.67421e+09 10.2381 4.98611 0.15821
1.67421e+09 10.225 4.99813 0.156189
1.67421e+09 10.1081 4.95029 0.154068
1.67421e+09 10.0029 4.90584 0.154184
1.67421e+09 9.93493 4.86693 0.150018
1.67421e+09 9.92926 4.86369 0.14967
1.67421e+09 9.92879 4.86342 0.149641
1.67421e+09 9.8702 4.83061 0.146124
1.67421e+09 8.38879 15.4339 0.289052
1.67421e+09 9.58718 17.6387 0.330345
1.67421e+09 9.56705 17.6135 0.322556
1.67421e+09 9.56453 17.6103 0.321582
1.67421e+09 4.88721 5.33685 0.123603
1.67421e+09 5.4888 5.99993 0.134882
1.67421e+09 5.48379 5.99136 0.127511
1.67421e+09 5.44005 5.91735 0.122035
1.67421e+09 5.41461 5.85076 0.119438
1.67421e+09 5.37162 5.80001 0.119702
1.67421e+09 5.34798 5.7575 0.119734
1.67421e+09 5.33583 5.7159 0.116071
1.67421e+09 -6.70699 10.8761 0.207637
1.67421e+09 -7.54716 12.2399 0.235138
1.67421e+09 -7.52466 12.2742 0.23183
1.67421e+09 -7.41234 12.1712 0.222793
1.67421e+09 -7.73482 6.70587 0.186936
1.67421e+09 -8.72866 7.52017 0.201744
1.67421e+09 -8.74495 7.50949 0.199454
1.67421e+09 11.653 11.6902 0.239507
1.67421e+09 13.1371 13.1663 0.262436
1.67421e+09 -3.07922 14.7679 0.238561
1.67421e+09 -3.47193 16.6178 0.271969
1.67421e+09 4.36825 -14.1923 0.165864
1.67421e+09 4.87996 -16.0079 0.189358
1.67421e+09 4.84625 -15.9996 0.193061
1.67421e+09 4.84251 -15.9986 0.193473
1.67421e+09 4.84209 -15.9985 0.193518
1.67421e+09 4.78791 -15.8255 0.183593
1.67421e+09 -2.58049 -17.6587 0.305473
1.67421e+09 3.32512 11.0494 0.115423
1.67421e+09 3.7526 12.4565 0.12558
1.67421e+09 3.80604 12.6324 0.12685
1.67421e+09 3.79505 12.4812 0.133287
