1687940895.32081604 12.0218697 5.9374547 0.300667495 0
1687940895.32081604 4.96718645 6.52771711 0.179931238 1
1687940895.32081604 0.977918923 8.00523758 0.214241937 2
1687940895.32081604 -7.56390238 10.8985682 0.275361389 3
1687940895.32081604 5.98287964 -1.77633822 0.128056303 4
1687940895.32081604 -1.62032962 -5.09050703 0.105719171 5
1687940895.32081604 -3.69066596 8.70185566 0.160379082 6
1687940895.32081604 7.47080708 -10.0545225 0.256991655 7
1687940895.32081604 5.54010868 -14.438282 0.261549026 8
1687940895.32081604 11.3803778 4.3315835 0.213816389 9
1687940895.32081604 -1.97504711 6.59351254 0.07668484 10
