1.67421e+09 -3.66048 5.30395 0.262336
1.67421e+09 10.4581 5.401 0.225007
1.67421e+09 15.966 5.88605 0.306825
1.67421e+09 16.0193 -10.5371 0.31458
1.67421e+09 2.82571 -14.7687 0.205046
1.67421e+09 1.53158 6.95069 0.172324
1.67421e+09 15.7075 11.2832 0.206106
1.67421e+09 2.65156 16.5818 0.244803
1.67421e+09 -10.9639 5.22537 0.238341
1.67421e+09 7.30889 -24.3735 0.249786
1.67421e+09 11.5924 22.5782 0.230718
1.67421e+09 -4.92271 -8.30403 0.161389
1.67421e+09 -14.5564 -17.3945 0.214797
1.67421e+09 -2.92758 7.58405 0.0838268
1.67421e+09 -5.87864 20.0579 0.297089
1.67421e+09 2.70647 23.1509 0.220234
1.67421e+09 -17.5034 13.6404 0.254812
1.67421e+09 19.3967 23.6139 0.260493
1.67421e+09 6.68795 20.1296 0.166358
