1687940942.62398195 -2.05038285 8.77852917 0.193263054 0
1687940942.62398195 6.55216265 3.92666912 0.190846041 1
1687940942.62398195 1.09330511 5.92934895 0.0901155025 2
1687940942.62398195 11.0749512 -4.33008242 0.185878977 3
1687940942.62398195 15.6893559 -2.09310842 0.188765585 4
1687940942.62398195 10.8683453 12.588089 0.232964829 5
1687940942.62398195 10.7530851 4.37554836 0.178321585 6
1687940942.62398195 0.0525302514 -9.19687653 0.158482119 7
1687940942.62398195 -5.22959757 -9.45197392 0.115897618 8
1687940942.62398195 -11.2930527 -12.336071 0.171278507 9
