1674207941.91639185 6.19456244 -6.1016283 0.336302131 0
1674207941.91639185 -4.64764071 -5.57214642 0.228525907 1
1674207941.91639185 2.48934555 -9.98467255 0.258766145 2
1674207941.91639185 11.5382996 -8.86844349 0.295716733 3
1674207941.91639185 7.8149147 5.1320529 0.196959808 4
1674207941.91639185 2.65621281 5.20740557 0.162766859 5
1674207941.91639185 11.9282141 6.21507549 0.203543872 6
1674207941.91639185 5.22560263 12.3549194 0.232015058 7
1674207941.91639185 1.78108597 15.9131622 0.286530495 8
1674207941.91639185 -1.40291452 5.80532885 0.106851541 9
1674207941.91639185 -3.67766142 8.44008827 0.184138343 10
1674207941.91639185 -3.25843883 5.24723721 0.106016025 11
1674207941.91639185 -8.07227707 4.5642786 0.160602957 12
1674207941.91639185 23.5211296 3.20846963 0.269379735 13
1674207941.91639185 15.8539982 11.2637005 0.236700132 14
1674207941.91639185 -8.63183308 -17.4510174 0.317976505 15
1674207941.91639185 7.87540054 6.93488073 0.121231243 16
1674207941.91639185 13.280447 16.6822853 0.230386168 17
1674207941.91639185 -1.63155508 -13.845994 0.178588063 18
1674207941.91639185 7.14147711 -9.22095776 0.154306799 19
1674207941.91639185 23.1573544 11.1523457 0.239641413 20
1674207941.91639185 -10.2570887 -11.4039698 0.244457588 21
1674207941.91639185 -7.98162556 22.9372978 0.267789751 22
