1687940954.42452288 5.94025803 -4.76434326 0.230314121 0
1687940954.42452288 -3.41513705 -8.57342911 0.217557415 1
1687940954.42452288 5.89314651 11.3118048 0.223202839 2
1687940954.42452288 3.40998244 -5.20578146 0.0953271762 3
1687940954.42452288 9.27826118 -11.4541626 0.28832829 4
1687940954.42452288 -3.1956532 7.28446817 0.170744613 5
1687940954.42452288 -3.49112296 -7.86704588 0.12520732 6
1687940954.42452288 -0.12006826 -7.33255243 0.140802547 7
1687940954.42452288 9.03776836 3.45968246 0.102963544 8
1687940954.42452288 7.61009169 -9.91562462 0.113899522 9
