1.67421e+09 3.72865 -8.45134 0.36154
1.67421e+09 4.26131 -9.65867 0.413189
1.67421e+09 4.3374 -9.83115 0.420567
1.67421e+09 4.2768 -9.67449 0.41203
1.67421e+09 8.65338 -5.82286 0.266995
1.67421e+09 9.70256 -6.58653 0.30484
1.67421e+09 9.72078 -6.58284 0.294189
1.67421e+09 9.6385 -6.48321 0.281252
1.67421e+09 9.56378 -6.42728 0.276928
1.67421e+09 -7.99512 -7.69279 0.270571
1.67421e+09 -8.98891 -8.66552 0.302724
1.67421e+09 -8.94086 -8.6737 0.301145
1.67421e+09 -8.80909 -8.56992 0.294771
1.67421e+09 11.4542 3.75934 0.269022
1.67421e+09 12.8945 4.23709 0.297593
1.67421e+09 12.8815 4.23113 0.300922
1.67421e+09 12.7535 4.19585 0.294493
1.67421e+09 12.6471 4.16776 0.289799
1.67421e+09 12.5537 4.14138 0.287044
1.67421e+09 12.4786 4.12142 0.283056
1.67421e+09 12.381 4.0854 0.280784
1.67421e+09 12.2992 4.0553 0.279779
1.67421e+09 4.16218 11.7905 0.29563
1.67421e+09 4.71614 13.2829 0.332968
1.67421e+09 4.71381 13.2796 0.328377
1.67421e+09 4.67867 13.1397 0.322306
1.67421e+09 4.63782 13.0069 0.314704
1.67421e+09 4.59568 12.8844 0.302331
1.67421e+09 4.57941 12.8023 0.295153
1.67421e+09 4.5672 12.7344 0.289035
1.67421e+09 1.1979 -8.42727 0.197861
1.67421e+09 1.35541 -9.47622 0.230377
1.67421e+09 1.35293 -9.47449 0.238332
1.67421e+09 1.33136 -9.38855 0.234651
1.67421e+09 1.31456 -9.30153 0.223371
1.67421e+09 1.3023 -9.23283 0.2144
1.67421e+09 1.28806 -9.17863 0.207054
1.67421e+09 1.28697 -9.17446 0.206489
1.67421e+09 -7.24464 7.32305 0.212609
1.67421e+09 -8.12021 8.24532 0.23627
1.67421e+09 -8.08578 8.25503 0.233191
1.67421e+09 -8.02204 8.14975 0.233353
1.67421e+09 18.6973 4.22563 0.264135
1.67421e+09 21.0786 4.75229 0.295514
1.67421e+09 21.1219 4.75024 0.292766
1.67421e+09 20.9277 4.69494 0.285673
1.67421e+09 20.7567 4.64732 0.280973
1.67421e+09 20.6199 4.60823 0.275314
1.67421e+09 20.4802 4.57299 0.270403
1.67421e+09 20.3903 4.54678 0.26584
1.67421e+09 20.3177 4.52503 0.257974
1.67421e+09 2.93736 5.42422 0.127375
1.67421e+09 3.27858 6.11669 0.13372
1.67421e+09 3.26377 6.1141 0.125315
1.67421e+09 3.22601 6.05086 0.116389
1.67421e+09 3.20516 5.96729 0.109424
1.67421e+09 3.20287 5.89455 0.106651
1.67421e+09 7.14368 -10.9691 0.204736
1.67421e+09 7.1993 15.2791 0.248423
1.67421e+09 8.11891 17.2277 0.292894
1.67421e+09 8.23386 17.4713 0.298453
1.67421e+09 8.24823 17.5017 0.299147
1.67421e+09 8.15663 17.2762 0.274929
1.67421e+09 -2.56458 -11.6336 0.162206
1.67421e+09 -2.8497 -13.079 0.177202
1.67421e+09 -2.8692 -13.0733 0.179358
1.67421e+09 -2.81752 -12.9296 0.178479
1.67421e+09 -1.68825 6.72341 0.108141
1.67421e+09 -1.89204 7.54305 0.116635
1.67421e+09 -1.88034 7.52634 0.113382
1.67421e+09 -16.8208 -8.50072 0.232357
