1.67421e+09 9.99725 4.28159 0.306108
1.67421e+09 11.2464 4.81574 0.341562
1.67421e+09 11.2319 4.82433 0.338756
1.67421e+09 0.111095 -7.89275 0.316963
1.67421e+09 0.116005 -8.89038 0.352506
1.67421e+09 0.101214 -8.9194 0.355491
1.67421e+09 11.1442 10.4481 0.250254
1.67421e+09 12.5207 11.7658 0.277683
1.67421e+09 12.5014 11.7797 0.276215
1.67421e+09 12.3479 11.657 0.271401
1.67421e+09 12.2164 11.5397 0.267451
1.67421e+09 12.0988 11.4441 0.258652
1.67421e+09 3.37732 -16.2246 0.308077
1.67421e+09 3.77533 -18.2616 0.336737
1.67421e+09 3.77207 -18.273 0.339894
1.67421e+09 23.1203 -8.91511 0.26132
1.67421e+09 26.0269 -9.99851 0.287418
1.67421e+09 26.0562 -9.9525 0.282686
1.67421e+09 16.7202 6.06037 0.165626
