1687940926.88988304 5.97479677 2.72420311 0.143952236 0
1687940926.88988304 2.38598871 -5.39938021 0.202984959 1
1687940926.88988304 4.88895321 8.52726841 0.210015491 2
1687940926.88988304 15.9404268 -2.71623588 0.247842789 3
1687940926.88988304 7.06424379 -2.56129336 0.176040649 4
1687940926.88988304 1.43067038 16.3829479 0.252556503 5
1687940926.88988304 6.27414179 -2.21212173 0.103520945 6
1687940926.88988304 12.1079359 6.11629105 0.208404809 7
1687940926.88988304 -0.221139625 8.83982944 0.112954229 8
1687940926.88988304 -4.36574078 -12.0316 0.237462118 9
1687940926.88988304 -0.263253689 -6.07459021 0.0803770423 10
1687940926.88988304 1.11784089 -7.95636511 0.0976084322 11
