1687940916.09790754 -0.537949026 5.59495306 0.201586366 0
1687940916.09790754 10.1334524 -4.95126104 0.2156014 1
1687940916.09790754 2.52988505 -6.83118486 0.139675096 2
1687940916.09790754 1.10534573 10.7856216 0.194079667 3
1687940916.09790754 9.78779602 3.49687195 0.176689699 4
1687940916.09790754 -7.06294632 8.61557007 0.183858454 5
1687940916.09790754 1.50981104 9.669631 0.139062211 6
1687940916.09790754 -0.244192436 9.56009579 0.0955556035 7
1687940916.09790754 -2.06898355 -12.6655893 0.179306969 8
1687940916.09790754 15.7947607 3.36107874 0.215106413 9
