1.67421e+09 3.8223 -12.3836 0.336257
1.67421e+09 -5.35498 4.43096 0.205789
1.67421e+09 14.7659 -8.79994 0.3053
1.67421e+09 9.19272 10.4377 0.266918
1.67421e+09 2.87486 11.9542 0.263523
1.67421e+09 19.2817 -7.01844 0.306478
1.67421e+09 -0.414892 7.65684 0.163774
1.67421e+09 2.80924 8.97585 0.113441
1.67421e+09 17.9995 -17.2981 0.326853
1.67421e+09 -12.5211 -9.50985 0.249528
1.67421e+09 -2.07959 6.1068 0.10746
1.67421e+09 -13.524 -6.24637 0.252993
1.67421e+09 -3.3098 -16.3254 0.23301
1.67421e+09 -9.91342 17.6341 0.27417
