1687940940.00162745 3.87158966 -6.1830821 0.276975006 0
1687940940.00162745 12.1730986 -3.66215205 0.157544196 1
1687940940.00162745 7.40716839 -5.50232983 0.178811684 2
1687940940.00162745 -4.45768166 8.64671898 0.193084717 3
1687940940.00162745 1.44326758 -6.05288363 0.214029998 4
1687940940.00162745 -1.5529511 5.57601643 0.0939271823 5
1687940940.00162745 7.88465548 3.25350022 0.164109886 6
1687940940.00162745 8.76158714 11.3238201 0.203106433 7
1687940940.00162745 16.0018425 3.75529552 0.237582266 8
1687940940.00162745 -0.674639523 9.424613 0.155222967 9
1687940940.00162745 -4.00277185 -9.43442059 0.162671283 10
1687940940.00162745 -11.3223314 11.8504028 0.188898459 11
