1687940945.54891157 1.75459993 -6.78626251 0.260967135 0
1687940945.54891157 8.74074841 -3.19423175 0.2658557 1
1687940945.54891157 0.0187189467 -11.0526485 0.279546589 2
1687940945.54891157 10.4545574 3.32237554 0.184424609 3
1687940945.54891157 1.94568574 8.4746294 0.210789651 4
1687940945.54891157 -5.17684078 11.3820515 0.207757711 5
1687940945.54891157 -1.74936998 -9.62255669 0.119810537 6
1687940945.54891157 6.58838701 -3.55943441 0.117159434 7
1687940945.54891157 5.00150394 5.48857546 0.0984924957 8
1687940945.54891157 5.74291515 9.43818855 0.149513781 9
1687940945.54891157 2.32003951 -6.44546175 0.166480765 10
1687940945.54891157 19.4240875 -2.9531033 0.183831722 11
1687940945.54891157 7.93848848 -10.4228439 0.142629594 12
