1687940952.81077766 1.806584 -5.19760942 0.106118418 0
1687940952.81077766 -4.82426929 -8.60196972 0.213820875 1
1687940952.81077766 8.12484074 -11.4157076 0.272342771 2
1687940952.81077766 7.43121815 3.50262713 0.103206739 3
1687940952.81077766 10.9962959 7.78860235 0.187969074 4
1687940952.81077766 4.09128571 11.2986364 0.237234697 5
1687940952.81077766 -0.460634768 -12.0727406 0.18482627 6
1687940952.81077766 -4.93543863 -7.88010311 0.109253541 7
1687940952.81077766 6.01475143 -9.86458492 0.105955087 8
1687940952.81077766 -1.76916528 -7.36448765 0.0792385638 9
