1687940915.39189458 -1.53889573 5.64683962 0.216944978 0
1687940915.39189458 9.35021591 -4.78357077 0.220793888 1
1687940915.39189458 8.83950329 3.62123227 0.178149551 2
1687940915.39189458 1.75586331 -6.76169682 0.136505753 3
1687940915.39189458 3.28172898 5.12441683 0.149620667 4
1687940915.39189458 0.0690547526 10.8220224 0.190716654 5
1687940915.39189458 -7.93520308 8.54698467 0.186557457 6
1687940915.39189458 20.7452583 6.02459955 0.205829248 7
1687940915.39189458 14.7716923 3.63315916 0.205226451 8
1687940915.39189458 -2.75547695 -12.6884613 0.156917781 9
