1.67421e+09 6.32375 -8.54854 0.361428
1.67421e+09 6.90577 3.56791 0.227427
1.67421e+09 -5.37772 -7.89653 0.255301
1.67421e+09 11.2756 -6.0364 0.287852
1.67421e+09 -4.83252 7.10837 0.220755
1.67421e+09 3.7855 -8.58838 0.190669
1.67421e+09 13.9511 3.73677 0.254042
1.67421e+09 6.67946 11.7029 0.246188
1.67421e+09 -10.5701 -5.00353 0.318981
1.67421e+09 -0.566647 12.1352 0.263097
1.67421e+09 9.68375 15.2517 0.23193
1.67421e+09 9.59475 -11.1006 0.183221
1.67421e+09 21.4819 4.20482 0.244252
1.67421e+09 -8.77222 6.25496 0.237713
1.67421e+09 0.0973356 -11.8173 0.183618
1.67421e+09 -3.01341 17.6582 0.259689
1.67421e+09 0.782495 6.5148 0.127703
1.67421e+09 -11.1616 13.5596 0.30147
1.67421e+09 12.0418 -19.111 0.248175
1.67421e+09 -14.317 -8.7696 0.234911
