1.67421e+09 2.94424 -7.94727 0.337121
1.67421e+09 3.28257 -8.95875 0.372154
1.67421e+09 3.26065 -8.97286 0.366656
1.67421e+09 3.19623 -8.90294 0.362356
1.67421e+09 3.15226 -8.82027 0.355342
1.67421e+09 3.11981 -8.74686 0.350097
1.67421e+09 3.08356 -8.69812 0.346595
1.67421e+09 3.08077 -8.69438 0.346326
1.67421e+09 7.54716 -6.07734 0.34469
1.67421e+09 8.62533 -6.94553 0.393932
1.67421e+09 8.57485 -6.87596 0.396995
1.67421e+09 8.45237 -6.7579 0.380504
1.67421e+09 8.43876 -6.74478 0.378672
1.67421e+09 8.43725 -6.74332 0.378468
1.67421e+09 8.34491 -6.65711 0.368198
1.67421e+09 12.6372 4.13561 0.338702
1.67421e+09 14.2208 4.64283 0.377279
1.67421e+09 14.208 4.63434 0.364866
1.67421e+09 14.0446 4.58068 0.355595
1.67421e+09 13.8956 4.53415 0.34751
1.67421e+09 13.7805 4.49526 0.345409
1.67421e+09 13.6718 4.46546 0.33809
1.67421e+09 4.34098 10.5147 0.245347
1.67421e+09 4.84668 11.7961 0.287143
1.67421e+09 4.87508 11.8079 0.292608
1.67421e+09 2.7782 8.3285 0.133126
1.67421e+09 3.09558 9.37625 0.145578
1.67421e+09 3.07005 9.36178 0.141544
1.67421e+09 3.06722 9.36018 0.141095
1.67421e+09 3.06315 9.26757 0.133479
1.67421e+09 3.06453 9.18667 0.125847
1.67421e+09 2.75591 -18.14 0.171971
1.67421e+09 2.85035 -26.4818 0.284389
