1687940958.35806227 8.6832819 -4.79383183 0.206809744 0
1687940958.35806227 -0.66545701 -8.71600151 0.241325393 1
1687940958.35806227 -0.731574297 -7.96157169 0.0926432163 2
1687940958.35806227 -7.25731134 -8.22899342 0.184965074 3
1687940958.35806227 2.50673199 -7.46541929 0.130424038 4
1687940958.35806227 -7.48743439 9.97918892 0.221265733 5
1687940958.35806227 -0.71193409 7.18944597 0.131488815 6
1687940958.35806227 5.30246353 -4.60297155 0.124825642 7
1687940958.35806227 3.69514632 -12.116704 0.184616879 8
1687940958.35806227 11.5638371 3.50793982 0.129543975 9
1687940958.35806227 -9.22260571 -13.8952971 0.162146166 10
1687940958.35806227 -5.00501585 -20.9457664 0.21045503 11
1687940958.35806227 0.638736844 9.6465826 0.115085363 12
