1687940946.05317974 9.36020565 -3.41614652 0.255018443 0
1687940946.05317974 0.577607393 -11.16611 0.274863303 1
1687940946.05317974 7.1677556 -3.76512265 0.129787058 2
1687940946.05317974 2.6972127 8.4428587 0.221194193 3
1687940946.05317974 11.1017494 3.06496978 0.171124116 4
1687940946.05317974 -1.2408824 -9.70488834 0.119397759 5
1687940946.05317974 -4.32132721 11.3819914 0.240939736 6
1687940946.05317974 5.78514385 5.28797865 0.13801527 7
1687940946.05317974 8.405509 -10.6444731 0.157702789 8
1687940946.05317974 19.9843559 -3.3577168 0.179670915 9
