1.67421e+09 9.77931 4.2514 0.300092
1.67421e+09 11.0164 4.77224 0.339518
1.67421e+09 11.02 4.76872 0.337088
1.67421e+09 -0.163956 -7.92124 0.304341
1.67421e+09 -0.193375 -8.93283 0.344944
1.67421e+09 -0.210242 -8.94332 0.335529
1.67421e+09 10.9622 10.4321 0.267101
1.67421e+09 12.3118 11.7504 0.295077
1.67421e+09 12.3107 11.755 0.292682
1.67421e+09 12.163 11.6302 0.284958
1.67421e+09 12.0219 11.478 0.277335
1.67421e+09 11.9135 11.3872 0.276895
1.67421e+09 3.11312 -16.2407 0.325997
1.67421e+09 3.46432 -18.2715 0.34259
1.67421e+09 -0.217677 8.46032 0.123004
1.67421e+09 22.8857 -8.95518 0.248778
1.67421e+09 25.7705 -10.0259 0.273685
