1687940941.7162149 3.34776235 -10.2565842 0.241775557 0
1687940941.7162149 5.4818182 3.65573168 0.154445276 1
1687940941.7162149 -2.89131165 8.75784302 0.183537051 2
1687940941.7162149 6.36502552 -5.54670382 0.202586427 3
1687940941.7162149 9.86748314 -4.66526508 0.176109642 4
1687940941.7162149 0.171883494 5.82781506 0.0824687406 5
1687940941.7162149 14.5789909 -2.55948281 0.203483716 6
1687940941.7162149 9.75347137 4.02202034 0.152149096 7
1687940941.7162149 -3.00373006 -6.3932972 0.101366833 8
1687940941.7162149 0.856183469 9.84270573 0.148671776 9
1687940941.7162149 10.2517662 12.2169304 0.203749657 10
1687940941.7162149 2.68961644 16.1578846 0.186115697 11
