1687940910.65149117 8.0825367 4.58988523 0.203925461 0
1687940910.65149117 5.41393232 2.05149055 0.118487418 1
1687940910.65149117 -4.11667681 -6.70756102 0.164470091 2
1687940910.65149117 6.11062336 -5.12534618 0.16265738 3
1687940910.65149117 -3.66622233 5.42782688 0.109262131 4
1687940910.65149117 1.60523462 -8.74643326 0.111189306 5
1687940910.65149117 8.18889236 3.48508954 0.130391091 6
1687940910.65149117 10.1402969 9.44877434 0.247872695 7
1687940910.65149117 6.94990301 6.14828873 0.113501146 8
1687940910.65149117 3.05104709 10.2778673 0.114538126 9
1687940910.65149117 18.1542549 -4.5527339 0.254653901 10
1687940910.65149117 -2.23295236 -15.7427931 0.160592943 11
