1674207960.67634463 -4.09497023 6.03876734 0.301492363 0
1674207960.67634463 10.3635759 6.03819799 0.267061502 1
1674207960.67634463 6.18691444 8.32428074 0.260942876 2
1674207960.67634463 2.95610952 -11.668829 0.247488514 3
1674207960.67634463 14.5145731 -7.09130526 0.292644203 4
1674207960.67634463 10.1334524 11.2253809 0.243406534 5
1674207960.67634463 -3.99850011 11.5325489 0.252042651 6
1674207960.67634463 19.1035995 7.88654566 0.265320688 7
1674207960.67634463 17.4075603 -12.9616547 0.29101485 8
1674207960.67634463 -9.58398438 5.95630932 0.221928298 9
1674207960.67634463 18.4274712 12.8894882 0.225738049 10
1674207960.67634463 -18.3402672 -13.6433353 0.204624891 11
