1687940951.60047483 0.648516357 -5.19875526 0.0963625535 0
1687940951.60047483 15.6773319 -3.94089746 0.180253327 1
1687940951.60047483 2.74271131 11.3424911 0.244246617 2
1687940951.60047483 6.65196943 -11.3518562 0.29427433 3
1687940951.60047483 9.71931267 7.92076111 0.214842573 4
1687940951.60047483 6.13761997 3.60602689 0.102401331 5
1687940951.60047483 8.36723137 -7.01693678 0.257583559 6
1687940951.60047483 3.64649415 -11.0014296 0.119635552 7
1687940951.60047483 -1.6072309 -12.1068459 0.202186331 8
1687940951.60047483 1.01728356 -6.8547411 0.0976945385 9
1687940951.60047483 -2.75614357 -7.44156265 0.113299437 10
