1687940946.15405035 2.44467759 -6.91333532 0.241333619 0
1687940946.15405035 0.598531008 -11.1672783 0.273781717 1
1687940946.15405035 9.49663925 -3.45208502 0.262580842 2
1687940946.15405035 2.87340665 8.36432838 0.226052642 3
1687940946.15405035 7.2372365 -3.75577879 0.116357848 4
1687940946.15405035 11.2159004 3.04776478 0.180574223 5
1687940946.15405035 -1.12666333 -9.69902325 0.134968072 6
1687940946.15405035 -4.20622063 11.3559952 0.240332499 7
1687940946.15405035 8.55632496 -10.6808329 0.14916639 8
1687940946.15405035 20.1173363 -3.41038179 0.190848455 9
