1687940936.67325163 0.321479768 -5.90484571 0.224696726 0
1687940936.67325163 8.56102657 -3.18179011 0.199668005 1
1687940936.67325163 3.86994267 -5.17042875 0.16220133 2
1687940936.67325163 11.9919043 4.36601019 0.234389096 3
1687940936.67325163 7.50042725 -12.013217 0.209778324 4
1687940936.67325163 4.48171759 11.8096638 0.197102904 5
1687940936.67325163 -2.76246834 -10.4463177 0.143524706 6
1687940936.67325163 -7.48781109 -9.41832542 0.196987942 7
1687940936.67325163 11.9785929 -2.9737587 0.165529042 8
1687940936.67325163 -5.40790796 5.5673852 0.0824143961 9
