1687940889.06752348 -2.01100373 7.81903172 0.208776936 0
1687940889.06752348 1.82815468 6.32703972 0.201928288 1
1687940889.06752348 9.00924778 5.47265291 0.339547276 2
1687940889.06752348 -0.797603726 -5.17416906 0.127806142 3
1687940889.06752348 8.20021343 3.69415116 0.285000563 4
1687940889.06752348 1.94611108 -14.7489777 0.225230604 5
1687940889.06752348 5.95041609 -5.2362361 0.225230068 6
1687940889.06752348 -4.86443996 6.43063021 0.121030554 7
1687940889.06752348 -6.71747446 8.58459282 0.162007585 8
1687940889.06752348 -10.7773876 17.1155148 0.189892024 9
