1674207960.27287841 -2.47877836 5.96279526 0.29496479 0
1674207960.27287841 7.71930695 8.14734364 0.250925213 1
1674207960.27287841 4.61848354 -11.8031921 0.248477861 2
1674207960.27287841 12.3523321 5.9536972 0.251365691 3
1674207960.27287841 20.0307617 12.7940226 0.224919006 4
1674207960.27287841 -8.02248764 5.83653355 0.217741877 5
1674207960.27287841 16.2105122 -7.20197248 0.310578018 6
1674207960.27287841 -2.42430305 11.4378757 0.250727862 7
1674207960.27287841 11.8192663 11.1814051 0.255760431 8
1674207960.27287841 7.31453276 -20.5939617 0.254526019 9
1674207960.27287841 -16.7084351 -13.769599 0.215438232 10
1674207960.27287841 -5.67169189 22.952898 0.241128251 11
