1.67421e+09 5.09863 -7.39184 0.320212
1.67421e+09 5.75354 -8.27677 0.340588
1.67421e+09 5.73167 -8.26334 0.327313
1.67421e+09 5.66666 -8.17789 0.332094
1.67421e+09 5.66016 -8.16934 0.332572
1.67421e+09 5.65951 -8.16849 0.33262
1.67421e+09 -6.14131 4.73794 0.317261
1.67421e+09 -6.89589 5.33816 0.350602
1.67421e+09 -6.89542 5.33703 0.345742
1.67421e+09 -6.82467 5.27125 0.341429
1.67421e+09 -6.81759 5.26467 0.340998
1.67421e+09 -6.75467 5.21552 0.333749
1.67421e+09 -6.74895 5.21105 0.33309
1.67421e+09 -8.92717 -4.9751 0.275595
1.67421e+09 -10.2025 -5.68583 0.314966
1.67421e+09 -10.2263 -5.68593 0.327583
1.67421e+09 -10.0951 -5.61694 0.322585
1.67421e+09 21.4981 -10.1841 0.326226
1.67421e+09 6.20488 6.84345 0.161526
1.67421e+09 7.00156 7.69411 0.174689
1.67421e+09 7.03999 7.69082 0.173956
1.67421e+09 6.94751 7.60251 0.168866
1.67421e+09 6.93826 7.59368 0.168357
1.67421e+09 6.90489 7.5269 0.170132
1.67421e+09 6.85817 7.46474 0.166096
1.67421e+09 6.82113 7.40833 0.161924
1.67421e+09 6.80343 7.36546 0.162492
1.67421e+09 6.7805 7.33033 0.164232
1.67421e+09 2.64637 -8.25569 0.126106
1.67421e+09 15.3431 5.59313 0.249423
1.67421e+09 17.2616 6.29581 0.280774
1.67421e+09 17.2596 6.2994 0.272166
1.67421e+09 17.0783 6.23846 0.266051
1.67421e+09 16.9187 6.18251 0.25849
1.67421e+09 16.9042 6.17743 0.257802
1.67421e+09 16.8118 6.12228 0.24808
1.67421e+09 20.7949 6.20823 0.313067
1.67421e+09 23.7656 7.09513 0.357791
1.67421e+09 23.796 7.12133 0.349991
1.67421e+09 7.1793 16.5033 0.251716
1.67421e+09 8.09107 18.5612 0.279741
1.67421e+09 8.09247 18.5616 0.275997
1.67421e+09 8.00325 18.3633 0.27655
1.67421e+09 7.93304 18.1715 0.270728
1.67421e+09 -10.7198 -9.97294 0.202731
1.67421e+09 -12.0788 -11.2275 0.226977
1.67421e+09 20.406 11.6372 0.21517
1.67421e+09 22.9907 13.099 0.243887
1.67421e+09 23.0257 13.1066 0.240898
1.67421e+09 22.7399 12.9523 0.239987
1.67421e+09 22.5338 12.823 0.23184
1.67421e+09 0.550188 -8.53336 0.119038
1.67421e+09 0.642229 -9.62217 0.156851
1.67421e+09 0.639514 -9.62307 0.153989
1.67421e+09 -9.77826 16.3333 0.229492
1.67421e+09 -10.988 18.3829 0.255777
1.67421e+09 -10.9711 18.4039 0.252027
1.67421e+09 0.318469 6.87489 0.0703528
1.67421e+09 0.364458 7.74157 0.0771389
1.67421e+09 0.368542 7.75651 0.0802635
1.67421e+09 0.369586 7.68254 0.0790261
1.67421e+09 8.39128 -14.8287 0.258336
1.67421e+09 9.43858 -16.665 0.279185
1.67421e+09 9.45585 -16.6564 0.274611
1.67421e+09 4.94886 -16.9163 0.156989
1.67421e+09 16.0155 22.7795 0.240097
1.67421e+09 18.0478 25.6262 0.266923
1.67421e+09 18.0812 25.6261 0.264311
