1687940952.91163731 8.04415321 -11.4561863 0.291234553 0
1687940952.91163731 1.82241237 -5.18112421 0.109339841 1
1687940952.91163731 -4.77662945 -8.58923912 0.196325168 2
1687940952.91163731 4.1931076 11.2825089 0.232229844 3
1687940952.91163731 7.53878641 3.49185205 0.115332074 4
1687940952.91163731 -0.364288986 -12.0910625 0.186325714 5
1687940952.91163731 11.1241474 7.75257778 0.181936175 6
1687940952.91163731 6.10085058 -9.90342712 0.110884018 7
1687940952.91163731 -4.89186907 -7.88986158 0.109516256 8
1687940952.91163731 -1.68448603 -7.36490726 0.0756702051 9
1687940952.91163731 -4.71486807 7.28114462 0.110054053 10
