1.67421e+09 -4.2764 -7.24349 0.231316
1.67421e+09 -4.83901 -8.16289 0.270977
1.67421e+09 -4.82523 -8.15359 0.26678
1.67421e+09 -4.78758 -8.06586 0.259144
1.67421e+09 16.5566 4.74697 0.307635
1.67421e+09 18.6408 5.34801 0.346523
1.67421e+09 18.663 5.34824 0.346395
1.67421e+09 18.47 5.29154 0.330241
1.67421e+09 18.2973 5.23941 0.315182
1.67421e+09 18.1644 5.19496 0.303974
1.67421e+09 18.0675 5.16497 0.300174
1.67421e+09 17.9824 5.13346 0.290379
1.67421e+09 17.9216 5.11045 0.28649
1.67421e+09 6.44649 -16.6496 0.297846
1.67421e+09 7.26346 -18.7229 0.325679
1.67421e+09 7.28787 -18.7173 0.321196
1.67421e+09 7.2221 -18.5034 0.310767
1.67421e+09 7.17268 -18.3076 0.302019
1.67421e+09 -3.02859 -10.4334 0.266606
1.67421e+09 -3.39601 -11.737 0.295747
1.67421e+09 -3.37615 -11.7328 0.284813
1.67421e+09 6.20188 5.86564 0.153273
1.67421e+09 6.96927 6.58528 0.174428
1.67421e+09 7.00049 6.59418 0.171329
1.67421e+09 6.8849 6.51907 0.163895
1.67421e+09 6.81344 6.46557 0.159007
1.67421e+09 6.7221 6.41303 0.149329
1.67421e+09 6.67452 6.3671 0.145623
1.67421e+09 6.63818 6.32619 0.147686
1.67421e+09 -9.46606 8.74127 0.278847
1.67421e+09 -10.6512 9.84739 0.309295
1.67421e+09 -10.7993 9.98565 0.313101
1.67421e+09 29.0192 -5.7561 0.350523
1.67421e+09 33.1648 -6.57841 0.400597
1.67421e+09 33.134 -6.5716 0.383853
1.67421e+09 33.1301 -6.57075 0.38176
1.67421e+09 32.6333 -6.45726 0.380151
1.67421e+09 32.5781 -6.44465 0.379973
1.67421e+09 32.5719 -6.44325 0.379953
1.67421e+09 17.1282 11.0153 0.259816
1.67421e+09 19.2952 12.3942 0.291295
1.67421e+09 19.3249 12.3968 0.291882
1.67421e+09 19.137 12.2536 0.280592
1.67421e+09 18.9708 12.1235 0.267075
1.67421e+09 8.17616 -16.1597 0.176466
1.67421e+09 9.34418 -18.4682 0.201675
1.67421e+09 9.30455 -18.4519 0.194435
1.67421e+09 9.29959 -18.4498 0.19353
1.67421e+09 14.0746 -23.6298 0.292031
1.67421e+09 15.8043 -26.6271 0.338357
1.67421e+09 15.7977 -26.6273 0.329211
1.67421e+09 15.6434 -26.2989 0.320777
