1687940939.3964591 3.27927542 -6.34114408 0.299925059 0
1687940939.3964591 6.76569796 -5.4756918 0.185514525 1
1687940939.3964591 11.5254669 -3.6633749 0.201745346 2
1687940939.3964591 -5.05325317 8.67605495 0.190367475 3
1687940939.3964591 -2.17099071 5.59329748 0.0870400071 4
1687940939.3964591 7.33893156 3.16928196 0.151463419 5
1687940939.3964591 8.24190712 11.2896004 0.20859538 6
1687940939.3964591 -0.0602954738 -10.5404148 0.13867335 7
1687940939.3964591 -4.63089085 -9.40367126 0.147971019 8
1687940939.3964591 -1.26250315 9.42219257 0.176532447 9
1687940939.3964591 15.2955751 3.72640729 0.238369793 10
1687940939.3964591 -11.8978262 11.9576426 0.215531871 11
