1687940926.99072504 6.24467945 2.73888183 0.2127451 0
1687940926.99072504 2.52645707 -5.48762846 0.210491225 1
1687940926.99072504 5.0564189 8.49170494 0.197031647 2
1687940926.99072504 16.0927258 -2.75733495 0.253420264 3
1687940926.99072504 1.62052393 16.3630581 0.258031636 4
1687940926.99072504 12.1002445 6.10215473 0.195087492 5
1687940926.99072504 -0.0725311115 8.8320446 0.120503128 6
1687940926.99072504 -4.35657215 -12.0627394 0.277432889 7
1687940926.99072504 -0.129581615 -6.16348457 0.0780213326 8
1687940926.99072504 13.1051245 -3.14837193 0.152941391 9
1687940926.99072504 13.213562 11.3766584 0.175794169 10
