1.67421e+09 7.98743 3.9952 0.311583
1.67421e+09 8.98952 4.49078 0.349909
1.67421e+09 8.99089 4.4907 0.348148
1.67421e+09 8.88441 4.44604 0.34355
1.67421e+09 8.78852 4.4028 0.336033
1.67421e+09 8.69146 4.35048 0.318236
1.67421e+09 -2.1963 -7.8778 0.326028
1.67421e+09 -2.47288 -8.85909 0.363453
1.67421e+09 -2.48974 -8.87469 0.358236
1.67421e+09 9.31235 10.1736 0.269279
1.67421e+09 10.452 11.4338 0.287993
1.67421e+09 10.5944 11.5913 0.290332
1.67421e+09 10.4498 11.4545 0.278356
1.67421e+09 10.2981 11.2875 0.264367
1.67421e+09 -0.0126746 10.6629 0.219032
1.67421e+09 0.00581337 11.9618 0.229892
1.67421e+09 20.6816 -9.5943 0.243102
1.67421e+09 23.6361 -10.9649 0.277831
1.67421e+09 23.6813 -10.9104 0.271889
1.67421e+09 23.3847 -10.6896 0.254314
1.67421e+09 14.7264 5.58736 0.136444
1.67421e+09 16.5663 6.27829 0.152292
1.67421e+09 16.5648 6.26581 0.150428
