1687940948.87726164 3.24256325 -11.7604761 0.300728381 0
1687940948.87726164 0.551576674 11.0790472 0.233311266 1
1687940948.87726164 -2.50951219 -5.29627752 0.0942802727 2
1687940948.87726164 7.22253466 7.34564495 0.238952532 3
1687940948.87726164 0.711234093 -5.3189373 0.157916307 4
1687940948.87726164 -2.1231904 -7.07444525 0.111628048 5
1687940948.87726164 5.33966017 -7.63869095 0.228702739 6
1687940948.87726164 -4.88017941 -12.1453428 0.189279616 7
1687940948.87726164 -9.0515461 -8.46292591 0.222094089 8
1687940948.87726164 9.86135769 4.07706451 0.139251634 9
