1.67421e+09 7.46134 4.18797 0.312821
1.67421e+09 8.52724 4.78625 0.35751
1.67421e+09 8.50922 4.78905 0.351405
1.67421e+09 8.50697 4.7894 0.350642
1.67421e+09 8.4085 4.75001 0.347797
1.67421e+09 -5.29179 -4.66088 0.295778
1.67421e+09 -5.94248 -5.2053 0.322438
1.67421e+09 -5.927 -5.17725 0.322309
1.67421e+09 -5.86667 -5.13925 0.316688
1.67421e+09 -5.86064 -5.13545 0.316126
1.67421e+09 -5.86004 -5.13507 0.31607
1.67421e+09 -5.79997 -5.03757 0.293691
1.67421e+09 -6.15753 4.4672 0.214994
1.67421e+09 -6.92105 5.02364 0.242825
1.67421e+09 -6.90975 5.01535 0.237412
1.67421e+09 -6.8328 4.96027 0.231918
1.67421e+09 -6.76558 4.92128 0.22478
1.67421e+09 -6.75948 4.91773 0.224131
1.67421e+09 8.31933 10.4389 0.292591
1.67421e+09 9.36318 11.748 0.324555
1.67421e+09 9.37273 11.7529 0.319317
1.67421e+09 9.28111 11.6284 0.31122
1.67421e+09 9.20225 11.5174 0.303842
1.67421e+09 9.14086 11.4263 0.296934
1.67421e+09 9.0927 11.3529 0.291652
1.67421e+09 9.089 11.3473 0.291246
1.67421e+09 9.03938 11.2847 0.288425
1.67421e+09 13.9492 -8.77783 0.318655
1.67421e+09 15.7087 -9.85274 0.350529
1.67421e+09 15.6847 -9.86605 0.344753
1.67421e+09 15.5058 -9.76377 0.33988
1.67421e+09 15.3529 -9.65015 0.329443
1.67421e+09 15.2304 -9.54623 0.320843
1.67421e+09 15.1103 -9.48366 0.314755
1.67421e+09 15.0242 -9.42187 0.305665
1.67421e+09 18.5709 -6.98275 0.311089
1.67421e+09 21.2239 -7.98028 0.355531
1.67421e+09 21.1525 -7.96149 0.353221
1.67421e+09 20.823 -7.84693 0.325917
1.67421e+09 -1.21401 7.73296 0.18759
1.67421e+09 -1.35585 8.71558 0.21899
1.67421e+09 -1.3514 8.70852 0.214927
1.67421e+09 2.06861 11.9652 0.261214
1.67421e+09 2.34108 13.487 0.297279
1.67421e+09 2.35958 13.5146 0.298274
1.67421e+09 17.1651 -17.2783 0.335021
1.67421e+09 19.3615 -19.4151 0.36232
1.67421e+09 19.2983 -19.4122 0.340771
1.67421e+09 -2.88803 6.19042 0.118953
1.67421e+09 -3.25039 6.96502 0.129111
1.67421e+09 -3.26275 6.96913 0.126654
1.67421e+09 -3.25513 6.88412 0.116667
1.67421e+09 -13.3754 -9.45229 0.24839
1.67421e+09 -15.0227 -10.6279 0.282875
1.67421e+09 2.09653 8.99865 0.102795
1.67421e+09 2.37135 10.1087 0.110241
1.67421e+09 2.40571 10.2475 0.111172
1.67421e+09 -4.12638 -16.3195 0.27447
1.67421e+09 -7.14141 24.2177 0.258646
