1.67421e+09 7.22025 -5.05504 0.301585
1.67421e+09 5.52891 3.7138 0.233471
1.67421e+09 -1.87308 -7.45672 0.235392
1.67421e+09 -6.95218 8.57218 0.287309
1.67421e+09 -10.1353 -6.98253 0.32412
1.67421e+09 -0.657283 -10.6641 0.256744
1.67421e+09 15.7303 -12.4747 0.307691
1.67421e+09 8.90672 -16.8727 0.262468
1.67421e+09 19.6368 4.3286 0.235888
1.67421e+09 0.209556 16.6301 0.3064
1.67421e+09 -10.9094 12.3393 0.269063
1.67421e+09 31.3005 -6.24696 0.296005
1.67421e+09 19.7061 10.5963 0.254267
1.67421e+09 -4.0476 22.8401 0.285853
1.67421e+09 2.80934 -20.4127 0.191109
