1674207974.49406528 6.99976683 -12.1784649 0.291667879 0
1674207974.49406528 11.0631142 4.34412289 0.290767372 1
1674207974.49406528 5.43831873 11.9441376 0.257590801 2
1674207974.49406528 2.25347757 7.61941814 0.179451406 3
1674207974.49406528 11.8109503 10.5635586 0.251750857 4
1674207974.49406528 17.7071571 -8.58052158 0.280712157 5
1674207974.49406528 -9.53064632 -9.81384182 0.263423949 6
1674207974.49406528 -10.6530676 -6.5986867 0.220672637 7
1674207974.49406528 0.576546311 6.05058813 0.0919115022 8
1674207974.49406528 5.40909195 8.96781254 0.1000503 9
1674207974.49406528 21.0169353 -17.0562572 0.324228793 10
1674207974.49406528 -7.42824364 17.3809566 0.258780956 11
