1687940957.45030689 8.29445744 -4.79494858 0.214517519 0
1687940957.45030689 -1.08354425 -8.69750118 0.241004199 1
1687940957.45030689 -1.14122462 -7.95114517 0.101253018 2
1687940957.45030689 -7.61353397 -8.20009041 0.190245211 3
1687940957.45030689 -7.76285601 10.0508995 0.182443857 4
1687940957.45030689 11.2061634 3.51817036 0.143461302 5
1687940957.45030689 -1.04541457 7.23512888 0.0989984497 6
1687940957.45030689 2.06274343 -7.34161139 0.125997275 7
1687940957.45030689 0.311028779 9.69794941 0.162224203 8
1687940957.45030689 -5.41245651 -20.8946838 0.197239071 9
1687940957.45030689 3.20788312 -12.096879 0.188126802 10
1687940957.45030689 -9.57073593 -13.8305073 0.141933694 11
