1674207977.92331314 6.03020477 -8.35226822 0.306939662 0
1674207977.92331314 10.6411943 -6.57632256 0.341079414 1
1674207977.92331314 5.88084221 4.03010464 0.253213197 2
1674207977.92331314 9.17845821 -16.715023 0.300346017 3
1674207977.92331314 -5.83399057 12.4643869 0.275699645 4
1674207977.92331314 16.0117168 3.51528764 0.342739493 5
1674207977.92331314 6.03501272 1.75370467 0.213439539 6
1674207977.92331314 -9.10720539 8.23411655 0.189954862 7
1674207977.92331314 5.67426682 -26.8528576 0.326121897 8
1674207977.92331314 -5.94014883 9.48844624 0.0991513506 9
1674207977.92331314 -12.4386187 -15.7729874 0.249886155 10
