1.67421e+09 -5.19829 -7.2302 0.22425
1.67421e+09 15.9033 4.78248 0.242523
1.67421e+09 5.80618 -16.5409 0.258907
1.67421e+09 -3.79992 -10.3629 0.252881
1.67421e+09 9.97687 12.0729 0.238819
1.67421e+09 -10.2243 8.82233 0.25502
1.67421e+09 5.33069 5.95915 0.101411
1.67421e+09 28.2903 -5.68772 0.328398
1.67421e+09 23.7182 -7.70168 0.305993
1.67421e+09 16.4595 11.0385 0.264298
1.67421e+09 6.96405 7.54205 0.146613
1.67421e+09 -7.46634 23.1481 0.309425
1.67421e+09 10.1253 9.1334 0.0901423
1.67421e+09 7.19195 -16.0444 0.198659
