1687940934.65604544 -1.82268584 -5.60968208 0.273877412 0
1687940934.65604544 6.14611673 -2.26746464 0.187585026 1
1687940934.65604544 9.17779446 5.46336031 0.227605194 2
1687940934.65604544 5.68917656 -11.1297216 0.195937037 3
1687940934.65604544 9.78137493 -1.9340663 0.156416088 4
1687940934.65604544 1.37723362 12.3582506 0.188459143 5
1687940934.65604544 -4.74203205 -10.1806297 0.159623116 6
1687940934.65604544 11.736764 4.30793476 0.139061511 7
1687940934.65604544 -0.734245777 -18.1071606 0.181210563 8
1687940934.65604544 -9.09026241 -9.49935722 0.152950436 9
