1687940890.98386312 9.19518661 5.45530891 0.318772793 0
1687940890.98386312 2.07417178 6.30613184 0.182026982 1
1687940890.98386312 -0.552581012 -5.1767087 0.131818369 2
1687940890.98386312 -1.83458519 7.75878716 0.217730463 3
1687940890.98386312 8.54747486 3.80875015 0.288733602 4
1687940890.98386312 6.29837036 -5.18027592 0.220268369 5
1687940890.98386312 5.82789993 -1.18948245 0.144531891 6
1687940890.98386312 -4.01862097 9.61443138 0.23744373 7
1687940890.98386312 -6.45696306 8.59782887 0.17015408 8
1687940890.98386312 -4.58367586 6.44327164 0.0747849271 9
1687940890.98386312 -1.50349021 14.4691391 0.151906818 10
1687940890.98386312 -10.5403109 17.1029034 0.178339213 11
