1687940898.3466382 0.00938319974 -7.89984226 0.194437072 0
1687940898.3466382 0.754758418 -9.68447685 0.266160756 1
1687940898.3466382 -1.12404037 8.83866405 0.173202112 2
1687940898.3466382 6.55923986 -2.14985538 0.121595018 3
1687940898.3466382 7.76360989 7.29436207 0.192745149 4
1687940898.3466382 -5.02829981 10.8530293 0.263127565 5
1687940898.3466382 6.21439075 -4.26343918 0.102409586 6
1687940898.3466382 0.900290191 6.84853172 0.109066226 7
1687940898.3466382 5.14804077 16.2913799 0.298647255 8
1687940898.3466382 3.66042256 8.46990204 0.111236654 9
