1674207962.89524889 0.547160625 6.52073574 0.266209543 0
1674207962.89524889 9.35735226 8.38151646 0.301865548 1
1674207962.89524889 7.36436653 -12.5898123 0.313711494 2
1674207962.89524889 -3.53219485 8.7286644 0.212867796 3
1674207962.89524889 8.52677059 13.3000402 0.241349638 4
1674207962.89524889 -7.02659893 -11.2245045 0.225315303 5
1674207962.89524889 1.51382387 -10.7909307 0.23153469 6
1674207962.89524889 20.882864 8.84151173 0.279194623 7
1674207962.89524889 16.9379272 8.29465389 0.220321491 8
1674207962.89524889 5.88896084 -12.9951248 0.137417972 9
1674207962.89524889 -13.7325087 12.0756121 0.234054118 10
