1687940941.11106682 -3.39525819 8.69831562 0.191334561 0
1687940941.11106682 9.05741978 -5.00977039 0.18070741 1
1687940941.11106682 -0.405982822 5.69685221 0.0865150839 2
1687940941.11106682 13.803442 -3.01165605 0.179316759 3
1687940941.11106682 0.3847633 9.62216949 0.144429594 4
1687940941.11106682 8.98313618 3.71087193 0.159877017 5
1687940941.11106682 9.70785522 11.8349848 0.208549351 6
1687940941.11106682 -3.90530729 -6.38609695 0.143214509 7
1687940941.11106682 2.40391326 -10.3909864 0.123953037 8
1687940941.11106682 2.2065556 16.0579491 0.225948736 9
