1687940918.21594596 5.86525917 -3.39828491 0.253465593 0
1687940918.21594596 2.14562821 5.70442963 0.184393853 1
1687940918.21594596 -4.60900307 8.43079853 0.207466885 2
1687940918.21594596 5.84384966 -6.56994677 0.15102616 3
1687940918.21594596 13.4144783 -4.43264723 0.221501827 4
1687940918.21594596 7.0113101 5.3893466 0.136170521 5
1687940918.21594596 3.54969454 11.0068035 0.223557293 6
1687940918.21594596 1.16752279 -12.6525898 0.162300885 7
1687940918.21594596 12.8431187 4.02195358 0.188699648 8
1687940918.21594596 -6.57674885 -9.30824947 0.135121748 9
