1674207951.80065227 -6.53439522 -7.88068438 0.323612481 0
1674207951.80065227 8.55120659 4.67533588 0.248064622 1
1674207951.80065227 -5.81702948 4.18672657 0.273193866 2
1674207951.80065227 12.7660179 -7.65576601 0.326946408 3
1674207951.80065227 8.13920212 -8.90490913 0.145157471 4
1674207951.80065227 -5.68105173 12.3009005 0.251431555 5
1674207951.80065227 -2.66747618 15.7683668 0.237202674 6
1674207951.80065227 13.649272 6.54482031 0.176058024 7
1674207951.80065227 -8.89830208 -7.91881227 0.140788972 8
1674207951.80065227 7.53796148 6.46108675 0.0885964185 9
1674207951.80065227 12.7891197 -17.2360153 0.165568426 10
1674207951.80065227 14.353014 16.1863918 0.253149092 11
1674207951.80065227 -12.9362926 12.8989277 0.31681633 12
1674207951.80065227 16.1462727 -14.9781713 0.178723842 13
1674207951.80065227 10.2176485 -8.55452347 0.120345399 14
1674207951.80065227 22.8189697 5.42679453 0.219472498 15
1674207951.80065227 2.73571587 -15.7226419 0.145345941 16
1674207951.80065227 -16.3307514 -16.7203217 0.225867003 17
