1.67421e+09 -6.59689 -5.19585 0.266046
1.67421e+09 7.53454 -7.46908 0.316672
1.67421e+09 -11.546 -7.5049 0.310194
1.67421e+09 2.9647 -8.67597 0.13991
1.67421e+09 8.62232 6.72811 0.162511
1.67421e+09 5.19322 -8.32529 0.172944
1.67421e+09 23.1415 6.27053 0.282186
1.67421e+09 2.60623 6.74111 0.109379
1.67421e+09 -8.25312 -10.1949 0.17746
1.67421e+09 4.19247 7.20614 0.0931532
1.67421e+09 17.8208 5.60951 0.235758
1.67421e+09 7.6636 -17.0417 0.160446
1.67421e+09 0.789444 19.5048 0.282791
1.67421e+09 -6.25598 -18.213 0.210805
1.67421e+09 22.8398 11.663 0.224498
1.67421e+09 -13.9549 -7.46719 0.125885
