1.67421e+09 9.04914 4.13627 0.310316
1.67421e+09 10.1926 4.6414 0.349384
1.67421e+09 10.197 4.63795 0.347548
1.67421e+09 10.0724 4.58729 0.338154
1.67421e+09 -1.06121 -7.95287 0.326331
1.67421e+09 -1.20522 -8.96144 0.364112
1.67421e+09 10.3262 10.2407 0.240139
1.67421e+09 11.5917 11.5405 0.266317
1.67421e+09 11.5675 11.5565 0.260504
1.67421e+09 11.4235 11.4465 0.261184
1.67421e+09 11.2906 11.3355 0.253922
1.67421e+09 11.1819 11.2384 0.243582
1.67421e+09 7.58151 11.387 0.182424
1.67421e+09 8.66458 13.0137 0.208485
1.67421e+09 8.67081 13.0006 0.197855
1.67421e+09 8.56451 12.8123 0.188845
1.67421e+09 2.12502 -16.2528 0.29776
1.67421e+09 2.42859 -18.5746 0.340297
1.67421e+09 21.9626 -9.27694 0.248076
1.67421e+09 24.7409 -10.3866 0.279359
1.67421e+09 15.7659 5.73269 0.185761
1.67421e+09 17.7347 6.44887 0.200574
