1.67421e+09 3.38212 8.1697 0.205142
1.67421e+09 3.81288 9.208 0.230352
1.67421e+09 3.81955 9.21872 0.227987
1.67421e+09 3.77932 9.12108 0.224315
1.67421e+09 3.74443 9.0358 0.220675
1.67421e+09 3.71676 8.96452 0.216533
1.67421e+09 3.69544 8.90812 0.21391
1.67421e+09 3.67798 8.85878 0.210588
1.67421e+09 3.66516 8.81933 0.209084
1.67421e+09 3.65568 8.78535 0.207476
1.67421e+09 -2.21229 -6.56494 0.23521
1.67421e+09 -2.47686 -7.37541 0.260454
1.67421e+09 -2.4668 -7.36746 0.258351
1.67421e+09 -2.4447 -7.2846 0.250211
1.67421e+09 4.17229 -6.72362 0.208607
1.67421e+09 4.69886 -7.55236 0.22952
1.67421e+09 4.68876 -7.54663 0.222019
1.67421e+09 4.64119 -7.4519 0.214368
1.67421e+09 4.59605 -7.37319 0.208423
1.67421e+09 4.59195 -7.36604 0.207882
1.67421e+09 6.54658 11.3277 0.284258
1.67421e+09 7.37907 12.7589 0.319349
1.67421e+09 7.39633 12.771 0.315355
1.67421e+09 7.33123 12.6438 0.309342
1.67421e+09 7.27166 12.5272 0.303549
1.67421e+09 7.22554 12.4348 0.300173
1.67421e+09 7.1884 12.3574 0.29541
1.67421e+09 10.2923 7.36512 0.259006
1.67421e+09 11.5754 8.30372 0.288308
1.67421e+09 11.5681 8.27214 0.286279
1.67421e+09 11.4367 8.15902 0.283882
1.67421e+09 11.319 8.09212 0.280724
1.67421e+09 11.2186 8.04125 0.273251
1.67421e+09 11.1397 8.0063 0.274578
1.67421e+09 11.0734 7.97777 0.270737
1.67421e+09 11.0093 7.94562 0.265135
1.67421e+09 -3.49217 10.5384 0.282656
1.67421e+09 -3.92238 11.8536 0.313163
1.67421e+09 -3.91629 11.8554 0.308626
1.67421e+09 14.4286 -8.83679 0.252281
1.67421e+09 16.2498 -9.93952 0.2941
1.67421e+09 16.2822 -9.93176 0.299581
1.67421e+09 16.148 -9.79449 0.284775
1.67421e+09 16.1346 -9.78077 0.283294
1.67421e+09 16.0278 -9.66706 0.268739
1.67421e+09 -10.4406 -6.30556 0.265031
1.67421e+09 -11.7568 -7.09853 0.309164
1.67421e+09 -11.7753 -7.11673 0.311095
1.67421e+09 -7.55856 10.0057 0.164603
1.67421e+09 -8.52411 11.2576 0.190234
1.67421e+09 -8.50677 11.2549 0.180835
1.67421e+09 -8.76505 14.8661 0.31438
1.67421e+09 -9.85332 16.7296 0.352538
1.67421e+09 -9.84268 16.7318 0.346426
1.67421e+09 -9.72035 16.5488 0.334882
1.67421e+09 15.4728 -12.0438 0.286277
1.67421e+09 17.4247 -13.5553 0.325111
1.67421e+09 17.4627 -13.549 0.316756
1.67421e+09 17.3098 -13.3939 0.306947
1.67421e+09 17.173 -13.253 0.295354
1.67421e+09 23.6362 -6.68255 0.295577
1.67421e+09 26.6489 -7.44005 0.342251
1.67421e+09 26.6646 -7.39187 0.337648
1.67421e+09 26.6663 -7.38651 0.337136
1.67421e+09 -15.7796 15.1628 0.265928
1.67421e+09 17.9348 15.1531 0.324937
1.67421e+09 20.1711 17.0552 0.363657
1.67421e+09 14.0076 21.5492 0.273213
1.67421e+09 15.7453 24.2437 0.306097
1.67421e+09 15.9625 24.5805 0.310207
1.67421e+09 22.6962 1.98871 0.256294
1.67421e+09 25.9385 2.27281 0.292907
1.67421e+09 25.963 2.25744 0.276705
1.67421e+09 25.6495 2.20941 0.270732
1.67421e+09 -6.13373 25.9648 0.279892
