1687940947.1626327 3.5072608 -7.18238688 0.241653085 0
1687940947.1626327 1.54321396 -11.517374 0.279966533 1
1687940947.1626327 10.7187223 -4.19933033 0.268474311 2
1687940947.1626327 4.60509014 7.91085815 0.21863687 3
1687940947.1626327 -1.28034616 -5.25886393 0.200677708 4
1687940947.1626327 -2.39301467 11.225914 0.232612744 5
1687940947.1626327 12.6947908 2.21480131 0.176581711 6
1687940947.1626327 8.38972569 -4.41640806 0.131920367 7
1687940947.1626327 -0.188266814 -9.95408058 0.139334217 8
1687940947.1626327 5.16333294 2.08088541 0.125349268 9
1687940947.1626327 7.50090694 4.65608549 0.107387401 10
1687940947.1626327 -4.39438677 -5.27461243 0.0929789394 11
1687940947.1626327 -3.94614124 -7.05545807 0.0839496329 12
