1.67421e+09 9.75873 4.16537 0.246673
1.67421e+09 11.1528 4.76042 0.281912
1.67421e+09 11.1883 4.78597 0.288831
1.67421e+09 11.0063 4.71569 0.295626
1.67421e+09 10.8786 4.66446 0.293267
1.67421e+09 10.8658 4.65933 0.293032
1.67421e+09 10.7861 4.63076 0.293808
1.67421e+09 10.7197 4.60427 0.28849
1.67421e+09 10.6644 4.58269 0.28609
1.67421e+09 10.5891 4.54822 0.281082
1.67421e+09 4.29702 11.784 0.279635
1.67421e+09 4.84974 13.2755 0.311851
1.67421e+09 4.85523 13.2808 0.309299
1.67421e+09 4.81968 13.1564 0.302398
1.67421e+09 4.77465 13.0271 0.296252
1.67421e+09 4.74474 12.9304 0.292378
1.67421e+09 4.72643 12.865 0.29316
1.67421e+09 4.72502 12.86 0.29322
1.67421e+09 4.71281 12.8065 0.284166
1.67421e+09 16.4463 -8.75303 0.29748
1.67421e+09 18.5078 -9.83667 0.331001
1.67421e+09 18.4618 -9.8892 0.340783
1.67421e+09 18.2483 -9.78987 0.33681
1.67421e+09 18.0699 -9.66884 0.327151
1.67421e+09 17.9037 -9.59227 0.32044
1.67421e+09 17.81 -9.52368 0.323948
1.67421e+09 10.642 10.3945 0.273476
1.67421e+09 11.9983 11.7059 0.303755
1.67421e+09 12.0279 11.7209 0.300069
1.67421e+09 11.9208 11.6028 0.292746
1.67421e+09 11.8078 11.4883 0.28769
1.67421e+09 11.7347 11.4024 0.285909
1.67421e+09 11.645 11.3181 0.284427
1.67421e+09 11.6026 11.2631 0.286572
1.67421e+09 11.5418 11.2036 0.286043
1.67421e+09 21.0628 -6.99557 0.333157
1.67421e+09 23.7104 -7.83059 0.367611
1.67421e+09 23.6985 -7.82897 0.359217
1.67421e+09 23.4316 -7.74435 0.355535
1.67421e+09 23.405 -7.73589 0.355166
1.67421e+09 1.13128 7.62239 0.180933
1.67421e+09 1.28116 8.57843 0.199456
1.67421e+09 -10.9184 -9.67788 0.264206
1.67421e+09 -12.2619 -10.8817 0.293031
1.67421e+09 -12.2358 -10.8726 0.287243
1.67421e+09 -12.0793 -10.7452 0.281711
1.67421e+09 4.37974 8.95859 0.14009
1.67421e+09 4.91998 10.0858 0.162272
1.67421e+09 4.89215 10.0799 0.156977
1.67421e+09 4.80609 9.96025 0.148303
1.67421e+09 4.76652 9.85417 0.140266
1.67421e+09 4.69858 9.76331 0.13322
1.67421e+09 4.68568 9.69548 0.13264
1.67421e+09 4.68376 9.66091 0.150137
1.67421e+09 19.6215 -17.2934 0.336061
1.67421e+09 22.1221 -19.4369 0.374547
1.67421e+09 22.1765 -19.4139 0.365664
1.67421e+09 21.8882 -19.2147 0.359014
1.67421e+09 21.7115 -19.0048 0.347997
1.67421e+09 -0.511832 6.0797 0.121253
1.67421e+09 -0.575454 6.84151 0.130681
1.67421e+09 -11.8497 -6.37626 0.222755
1.67421e+09 -13.3534 -7.18575 0.245385
1.67421e+09 5.39962 -24.072 0.289945
1.67421e+09 6.10434 -27.031 0.324613
1.67421e+09 6.19243 -27.4008 0.328946
1.67421e+09 6.14386 -27.0158 0.320144
1.67421e+09 -1.54423 -16.3771 0.23094
