1674207970.35880756 6.08866835 -8.17448425 0.25478968 0
1674207970.35880756 1.76186371 8.04282284 0.270795971 1
1674207970.35880756 7.24476671 -11.3771906 0.26978001 2
1674207970.35880756 15.2627678 -5.86480665 0.291755855 3
1674207970.35880756 -5.57595491 8.71336174 0.194597989 4
1674207970.35880756 14.1329317 2.75298285 0.195210457 5
1674207970.35880756 9.23652649 15.8220387 0.309762031 6
1674207970.35880756 1.33026743 8.07167435 0.253030717 7
1674207970.35880756 -9.52091217 -11.8166027 0.276799142 8
1674207970.35880756 -12.5041971 10.8773327 0.264311612 9
1674207970.35880756 16.5115318 -17.892107 0.26602 10
1674207970.35880756 -2.42137599 11.9420652 0.265042245 11
