1687940917.50993013 1.29506791 5.54513311 0.198394865 0
1687940917.50993013 4.5201993 -6.88945723 0.139807194 1
1687940917.50993013 -5.30789852 8.46355247 0.185125828 2
1687940917.50993013 12.3001108 -4.89911032 0.220168442 3
1687940917.50993013 6.1231885 5.12185812 0.169635698 4
1687940917.50993013 11.7661314 3.54794216 0.171508402 5
1687940917.50993013 -0.0736872256 -12.7781372 0.181635186 6
1687940917.50993013 3.26589656 9.61025524 0.125773787 7
1687940917.50993013 -7.72688007 -9.33205128 0.117112644 8
1687940917.50993013 17.6628323 3.49980593 0.227561027 9
