1687940938.89215541 2.60286713 -6.06388855 0.280012101 0
1687940938.89215541 6.24772549 -5.4690752 0.181932166 1
1687940938.89215541 10.9875946 -3.61044598 0.192488819 2
1687940938.89215541 -5.71703529 8.60612679 0.198640123 3
1687940938.89215541 14.6543818 3.79467273 0.189973891 4
1687940938.89215541 6.63300371 3.2650969 0.128564969 5
1687940938.89215541 -2.80259919 5.5530982 0.0817094669 6
1687940938.89215541 -0.465568632 -10.640976 0.136953428 7
1687940938.89215541 7.46252012 11.3760204 0.202879414 8
1687940938.89215541 9.71066666 -12.413168 0.239772066 9
