1.67421e+09 8.77132 4.09463 0.323588
1.67421e+09 9.8666 4.60734 0.361791
1.67421e+09 9.85802 4.6078 0.357238
1.67421e+09 9.73729 4.56315 0.353016
1.67421e+09 9.62444 4.51525 0.342009
1.67421e+09 -1.38587 -7.89586 0.319573
1.67421e+09 -1.5731 -8.90183 0.355135
1.67421e+09 -1.59007 -8.93263 0.359347
1.67421e+09 -1.59371 -8.80181 0.346308
1.67421e+09 9.96704 10.2468 0.244776
1.67421e+09 11.1953 11.5482 0.280603
1.67421e+09 11.3488 11.7109 0.285082
1.67421e+09 11.1918 11.5724 0.277169
1.67421e+09 11.0407 11.4369 0.274997
1.67421e+09 1.71002 -16.3187 0.316216
1.67421e+09 21.5995 -9.36779 0.250342
1.67421e+09 24.6851 -10.706 0.286106
1.67421e+09 7.3389 11.3558 0.186222
1.67421e+09 8.25807 12.7787 0.204288
1.67421e+09 15.4758 5.69603 0.141101
