1687940909.44115257 6.21440458 5.22363949 0.212121084 0
1687940909.44115257 0.300129294 -8.43616676 0.125042871 1
1687940909.44115257 -5.35978317 -6.67749786 0.151839197 2
1687940909.44115257 4.14164448 -13.2704105 0.227887288 3
1687940909.44115257 16.7802238 -3.48495245 0.282430381 4
1687940909.44115257 5.11318398 6.62051964 0.152761191 5
1687940909.44115257 0.941381991 10.7307415 0.162167132 6
1687940909.44115257 6.43996 4.08081818 0.120332405 7
1687940909.44115257 -3.02665949 -15.6449614 0.187237442 8
1687940909.44115257 -9.34687328 -12.9600029 0.206854299 9
