1674207952.30492353 -3.12383556 -5.43488932 0.293635577 0
1674207952.30492353 6.90425682 4.78269863 0.253114134 1
1674207952.30492353 -8.19436741 -7.73469305 0.310178608 2
1674207952.30492353 11.0010576 -7.42100334 0.257448435 3
1674207952.30492353 -7.41528893 4.32678509 0.253068477 4
1674207952.30492353 6.43547678 -8.80160141 0.135794535 5
1674207952.30492353 12.0042734 6.58204794 0.154997423 6
1674207952.30492353 8.57629299 -8.44885826 0.127679244 7
1674207952.30492353 12.7157431 16.2783241 0.243219778 8
1674207952.30492353 -7.28338528 12.4412756 0.247439861 9
1674207952.30492353 5.91947174 6.6173749 0.0801451504 10
1674207952.30492353 -4.24707794 15.9106731 0.224278867 11
1674207952.30492353 11.181838 -17.1404076 0.16440019 12
1674207952.30492353 -14.5020399 13.0140219 0.275145888 13
1674207952.30492353 -4.70873976 -10.348608 0.142293438 14
1674207952.30492353 7.44955444 7.07540989 0.0783056319 15
1674207952.30492353 -10.5072222 -7.72692156 0.135284632 16
1674207952.30492353 21.0045376 5.56545305 0.205537215 17
