1687940945.75059867 1.96828187 -6.79987669 0.222126782 0
1687940945.75059867 0.272574127 -11.07757 0.268377036 1
1687940945.75059867 9.00394249 -3.26902676 0.271217048 2
1687940945.75059867 10.6684608 3.25601435 0.179977477 3
1687940945.75059867 -1.52594721 -9.67068672 0.142150953 4
1687940945.75059867 -4.88835669 11.4003363 0.244370759 5
1687940945.75059867 5.32460785 5.46090889 0.137579709 6
1687940945.75059867 19.6730042 -3.10558581 0.228460893 7
1687940945.75059867 6.89773464 -3.64763689 0.112294286 8
1687940945.75059867 8.10513592 -10.47931 0.144411236 9
1687940945.75059867 7.56104803 4.24448967 0.190649569 10
