1674207086.62571716 9.71096706 -6.88148689 0.377313882 0
1674207086.62571716 5.29054022 5.11838102 0.233056203 1
1674207086.62571716 -0.427006811 -8.1466465 0.217584401 2
1674207086.62571716 2.61777091 -14.9428329 0.296529979 3
1674207086.62571716 5.0792799 6.06322336 0.109050803 4
1674207086.62571716 15.1843643 5.72154188 0.173517972 5
1674207086.62571716 6.45730495 12.111721 0.175894499 6
1674207086.62571716 -0.134670675 -20.6824894 0.280883133 7
1674207086.62571716 21.3269234 3.49361181 0.163234174 8
1674207086.62571716 4.37678671 15.6324539 0.19755365 9
1674207086.62571716 -4.56135464 -9.2413187 0.112879269 10
