1687940912.87038827 6.08488989 -4.40645695 0.228689998 0
1687940912.87038827 -1.28992689 -6.65027952 0.157550722 1
1687940912.87038827 -4.97634697 5.67573214 0.226525262 2
1687940912.87038827 5.36844873 4.06029797 0.173633426 3
1687940912.87038827 -0.293155313 5.34344053 0.151736468 4
1687940912.87038827 11.3567133 4.1809516 0.206243217 5
1687940912.87038827 8.82672787 -5.24621391 0.124642201 6
1687940912.87038827 8.57308769 1.71500361 0.147478402 7
1687940912.87038827 13.5994053 9.02327919 0.270735443 8
1687940912.87038827 4.39956999 -8.97572422 0.124485664 9
1687940912.87038827 11.439621 3.07703543 0.108852386 10
