1674207944.1353097 0.684619248 -5.7394557 0.288247585 0
1674207944.1353097 2.22017145 5.54437065 0.194098696 1
1674207944.1353097 6.01288366 -8.46450043 0.316343367 2
1674207944.1353097 6.26838207 6.58307219 0.227251485 3
1674207944.1353097 -2.88454795 5.56621313 0.158907548 4
1674207944.1353097 17.6806908 -8.63922977 0.323851317 5
1674207944.1353097 -2.99592733 -9.64906597 0.2623294 6
1674207944.1353097 10.255825 11.7098932 0.254026562 7
1674207944.1353097 17.8599014 3.54432368 0.256496817 8
1674207944.1353097 -0.356468141 12.7698126 0.252665788 9
1674207944.1353097 -10.3476439 -5.16651344 0.228653476 10
1674207944.1353097 -3.87763596 16.3136368 0.302505732 11
1674207944.1353097 2.36095977 7.36150169 0.102964036 12
1674207944.1353097 11.4602232 -12.089818 0.17084448 13
1674207944.1353097 8.15734959 -17.9199905 0.232736215 14
1674207944.1353097 24.8646374 3.92535782 0.264449865 15
1674207944.1353097 1.64200509 -8.85164738 0.149710312 16
1674207944.1353097 -7.0096612 6.15910959 0.127684042 17
1674207944.1353097 17.5511665 11.5713949 0.234980747 18
1674207944.1353097 -9.20294666 8.73049927 0.14883329 19
1674207944.1353097 -7.13312101 -13.483429 0.18943505 20
1674207944.1353097 15.1233263 -8.79061222 0.152426347 21
1674207944.1353097 11.7021875 6.01196861 0.151466683 22
1674207944.1353097 20.3866615 15.1949549 0.220426753 23
