1687940957.14773989 8.12141228 -4.78093386 0.216885835 0
1687940957.14773989 -1.2442522 -8.68095398 0.23423779 1
1687940957.14773989 -1.29334748 -7.92815447 0.0900899842 2
1687940957.14773989 -1.22539532 7.23115015 0.1011976 3
1687940957.14773989 -7.96876669 10.0678759 0.219148174 4
1687940957.14773989 -7.76917124 -8.1745348 0.180946946 5
1687940957.14773989 10.9395084 3.48670125 0.136750996 6
1687940957.14773989 1.88993073 -7.40632629 0.0946793631 7
1687940957.14773989 -5.5815444 -20.9020996 0.219480693 8
1687940957.14773989 -9.74434662 -13.8233719 0.151356578 9
