1687940919.22454405 7.24697351 -2.97060895 0.26034537 0
1687940919.22454405 3.24604583 5.99356127 0.191466197 1
1687940919.22454405 -3.6455133 8.53626823 0.199885398 2
1687940919.22454405 14.8248911 -3.74380398 0.219785377 3
1687940919.22454405 8.09705353 5.83459616 0.14153856 4
1687940919.22454405 4.55743361 11.3085442 0.17807588 5
1687940919.22454405 3.00021458 -12.3575115 0.17362617 6
1687940919.22454405 7.42434025 -6.23181438 0.128505528 7
1687940919.22454405 13.8265448 4.6631875 0.193813086 8
1687940919.22454405 -5.02861166 -9.25269794 0.144120961 9
