1.67421e+09 5.89351 -8.24756 0.321963
1.67421e+09 6.63191 -9.26521 0.355984
1.67421e+09 6.64972 -9.25384 0.360764
1.67421e+09 6.55851 -9.16677 0.353099
1.67421e+09 6.54939 -9.15807 0.352332
1.67421e+09 6.45879 -9.10595 0.349697
1.67421e+09 6.37905 -9.05088 0.344454
1.67421e+09 6.31832 -8.99715 0.33856
1.67421e+09 6.26409 -8.95314 0.333117
1.67421e+09 10.4421 -6.57862 0.340204
1.67421e+09 5.59902 4.04788 0.21433
1.67421e+09 6.28712 4.56595 0.229376
1.67421e+09 6.28176 4.57843 0.213831
1.67421e+09 6.28116 4.57982 0.212103
1.67421e+09 -5.49877 -11.8482 0.364954
1.67421e+09 -6.16264 -13.3246 0.409782
1.67421e+09 8.97369 -16.7826 0.332627
1.67421e+09 10.2556 -19.1801 0.380145
1.67421e+09 10.4388 -19.5226 0.386934
1.67421e+09 -6.10384 12.46 0.279575
1.67421e+09 -6.87688 14.0212 0.325402
1.67421e+09 -6.85912 14.0394 0.320293
1.67421e+09 -6.7606 13.908 0.311726
1.67421e+09 6.34376 2.64808 0.225752
1.67421e+09 7.14942 2.98626 0.241797
1.67421e+09 15.7478 3.53388 0.306461
1.67421e+09 17.7177 3.98874 0.356094
1.67421e+09 17.7098 3.9951 0.361245
1.67421e+09 17.5136 3.9572 0.365375
1.67421e+09 17.3102 3.88323 0.353181
1.67421e+09 17.1538 3.8215 0.33005
1.67421e+09 -9.37454 8.20853 0.173772
1.67421e+09 -10.5165 9.24676 0.189231
1.67421e+09 -10.5041 9.25422 0.185544
1.67421e+09 -6.24754 9.50267 0.101762
1.67421e+09 -7.03348 10.7009 0.11992
1.67421e+09 -7.00979 10.6988 0.115646
1.67421e+09 -6.89409 10.5847 0.110162
1.67421e+09 5.32584 -26.8714 0.2661
1.67421e+09 6.04586 -30.1916 0.304631
