1687940951.90306902 0.946089685 -5.21741962 0.11916659 0
1687940951.90306902 3.09993672 11.3442879 0.242746949 1
1687940951.90306902 10.0347548 7.88378906 0.205695197 2
1687940951.90306902 6.45176125 3.57564259 0.0892627984 3
1687940951.90306902 -1.22440445 -12.1276827 0.193001688 4
1687940951.90306902 6.70314693 -11.3385773 0.296431512 5
1687940951.90306902 -5.67095947 -8.68158436 0.191215783 6
1687940951.90306902 11.210638 -5.16117764 0.100513801 7
1687940951.90306902 -2.47077894 -7.38369799 0.120116398 8
1687940951.90306902 -5.74979973 -7.97972536 0.116547585 9
