1674207087.43259788 9.4104681 -6.86694336 0.380123585 0
1674207087.43259788 -0.725646079 -8.14021873 0.224302128 1
1674207087.43259788 2.33626413 -14.9011059 0.290094554 2
1674207087.43259788 4.7719717 6.07582664 0.098752141 3
1674207087.43259788 14.9317818 5.76601839 0.177408159 4
1674207087.43259788 18.6916599 -12.4228535 0.288193405 5
1674207087.43259788 4.7880826 5.08080673 0.139662087 6
1674207087.43259788 6.17428446 12.2903423 0.27066198 7
1674207087.43259788 15.960041 10.1363792 0.189016446 8
1674207087.43259788 -0.39650178 -20.6106358 0.238202006 9
1674207087.43259788 21.0259304 3.51465464 0.166913345 10
1674207087.43259788 -4.83394527 -9.18541718 0.113935195 11
1674207087.43259788 24.4909611 -6.59141874 0.285633653 12
