1.67421e+09 1.40053 -6.0043 0.257786
1.67421e+09 12.4316 -6.73436 0.344049
1.67421e+09 2.7591 7.97763 0.17792
1.67421e+09 8.64872 -10.5544 0.271922
1.67421e+09 -4.41036 -11.7143 0.262886
1.67421e+09 14.2695 4.42677 0.175491
1.67421e+09 9.09034 4.4767 0.142629
1.67421e+09 4.95529 5.30807 0.111598
1.67421e+09 8.38708 15.4334 0.296691
1.67421e+09 -7.77438 6.67854 0.194301
1.67421e+09 -6.64591 10.9402 0.19817
1.67421e+09 4.34095 -14.3107 0.155167
1.67421e+09 -2.58512 -17.6839 0.329772
1.67421e+09 -3.07494 14.7782 0.248041
1.67421e+09 3.34996 11.1543 0.139082
1.67421e+09 11.7003 11.699 0.235411
