1.67421e+09 7.0069 -5.88313 0.321228
1.67421e+09 2.33639 -7.9702 0.339993
1.67421e+09 2.61075 -8.98184 0.376477
1.67421e+09 2.59918 -8.98891 0.370076
1.67421e+09 2.56446 -8.89289 0.360994
1.67421e+09 2.53723 -8.80084 0.354038
1.67421e+09 2.5188 -8.72363 0.348576
1.67421e+09 2.51726 -8.7172 0.34812
1.67421e+09 12.1203 4.19726 0.329678
1.67421e+09 13.6286 4.7247 0.364557
1.67421e+09 13.6244 4.73733 0.365384
1.67421e+09 13.4715 4.68497 0.358676
1.67421e+09 13.326 4.63944 0.350182
1.67421e+09 13.2177 4.59315 0.346291
1.67421e+09 13.2087 4.5893 0.345967
1.67421e+09 13.1134 4.55993 0.336605
1.67421e+09 3.75323 10.5446 0.236099
1.67421e+09 4.23489 11.8627 0.260979
1.67421e+09 2.29636 8.45243 0.145135
1.67421e+09 25.3526 -8.8769 0.279927
