1674207957.24706125 3.94347739 5.39521408 0.192716777 0
1674207957.24706125 9.45152855 5.67021656 0.295890629 1
1674207957.24706125 9.02315426 -10.7266455 0.31204775 2
1674207957.24706125 -7.26608467 -6.92856026 0.324108094 3
1674207957.24706125 -5.12996054 7.22998953 0.221375734 4
1674207957.24706125 9.36397362 11.0993595 0.212553784 5
1674207957.24706125 16.8787975 -11.9061375 0.286847591 6
1674207957.24706125 -10.4945354 5.83176279 0.271193653 7
1674207957.24706125 -3.43878984 16.8860321 0.247962505 8
1674207957.24706125 -4.33620405 -14.4673796 0.20754239 9
1674207957.24706125 24.0339603 6.18784761 0.258302093 10
1674207957.24706125 5.7733798 22.5959415 0.233611196 11
1674207957.24706125 13.5336647 23.3448696 0.259819686 12
