1687940955.73569822 7.14671516 -4.72398233 0.219084784 0
1687940955.73569822 -2.15396214 -8.59821606 0.225988194 1
1687940955.73569822 2.32656312 -12.0894651 0.209726095 2
1687940955.73569822 10.1370001 3.54871464 0.118343465 3
1687940955.73569822 -2.04345942 7.30745983 0.0895004049 4
1687940955.73569822 0.980177462 -7.34662628 0.0954566523 5
1687940955.73569822 -8.74259853 10.2125158 0.185746968 6
1687940955.73569822 -8.65507221 -8.05120659 0.177363619 7
1687940955.73569822 -0.821517587 9.65661049 0.126160949 8
1687940955.73569822 13.5811863 7.85491514 0.223604932 9
1687940955.73569822 -10.7444429 -13.7031107 0.171685219 10
