1.67421e+09 8.18251 3.97531 0.312879
1.67421e+09 9.20175 4.47569 0.349671
1.67421e+09 9.19125 4.48139 0.348709
1.67421e+09 9.08139 4.44456 0.348935
1.67421e+09 8.98627 4.40706 0.350537
1.67421e+09 -2.0961 -7.94187 0.307662
1.67421e+09 -2.34616 -8.9192 0.345582
1.67421e+09 -2.36527 -8.94686 0.355
1.67421e+09 9.50716 10.15 0.279019
1.67421e+09 10.6734 11.4257 0.303575
1.67421e+09 10.6504 11.436 0.295394
1.67421e+09 10.5125 11.3196 0.286667
1.67421e+09 10.3859 11.2044 0.27452
1.67421e+09 0.156701 10.649 0.195613
1.67421e+09 20.9465 -9.54558 0.270458
1.67421e+09 14.918 5.60866 0.163835
1.67421e+09 16.7879 6.3077 0.194941
1.67421e+09 16.7882 6.29692 0.196195
1.67421e+09 16.5928 6.21858 0.188014
1.67421e+09 16.4103 6.14419 0.178081
