1687940921.14089227 9.31567383 -2.86881399 0.249138802 0
1687940921.14089227 -4.22928095 -5.57566643 0.216129586 1
1687940921.14089227 5.21445227 6.04068899 0.193546459 2
1687940921.14089227 6.33457661 -3.26296806 0.113025188 3
1687940921.14089227 9.52968884 -6.08579254 0.155617505 4
1687940921.14089227 6.30623436 11.3676662 0.236263841 5
1687940921.14089227 5.27688789 -12.2633753 0.171759367 6
1687940921.14089227 9.89240742 5.993783 0.20531778 7
1687940921.14089227 6.86883879 10.2389145 0.131978095 8
1687940921.14089227 -5.50127792 -8.04617882 0.132398486 9
1687940921.14089227 -6.84551573 8.8052969 0.120646104 10
