1687940929.31051493 9.48103333 0.870337963 0.211369038 0
1687940929.31051493 5.38510466 2.19736648 0.125896662 1
1687940929.31051493 4.82377148 -6.7043457 0.198566526 2
1687940929.31051493 -3.00034881 -12.2284508 0.255318433 3
1687940929.31051493 9.22826385 6.7679553 0.196342453 4
1687940929.31051493 9.88294411 -4.59835339 0.17024377 5
1687940929.31051493 4.11474991 7.76452732 0.130386442 6
1687940929.31051493 -3.82607436 11.7335405 0.20839715 7
1687940929.31051493 18.666502 -5.9286561 0.258652657 8
1687940929.31051493 6.82321501 15.0808897 0.22384207 9
