1.67421e+09 -1.63144 -6.8861 0.291613
1.67421e+09 5.01417 10.0159 0.308949
1.67421e+09 -6.3858 9.56154 0.337252
1.67421e+09 -8.85886 -11.5399 0.331311
1.67421e+09 6.69621 -6.96841 0.197581
1.67421e+09 12.0284 7.86021 0.191692
1.67421e+09 1.04581 9.41174 0.184257
1.67421e+09 7.72913 -12.7005 0.292127
1.67421e+09 15.235 11.0828 0.255108
1.67421e+09 -0.206369 14.2207 0.254432
1.67421e+09 -7.2993 14.4 0.270171
1.67421e+09 18.9085 7.24592 0.234062
1.67421e+09 -15.1125 7.46166 0.2341
1.67421e+09 11.6269 21.0373 0.267648
