1674207968.24086523 -1.748757 -6.61106968 0.277681351 0
1674207968.24086523 3.87608004 8.24732018 0.194683537 1
1674207968.24086523 7.05711889 11.3960438 0.279344261 2
1674207968.24086523 10.6891794 7.36195278 0.238680735 3
1674207968.24086523 4.63777113 -6.65692806 0.151070908 4
1674207968.24086523 -3.02577424 10.5299025 0.262249887 5
1674207968.24086523 -0.640525699 -12.237956 0.269639641 6
1674207968.24086523 15.0635567 -8.75277805 0.239826098 7
1674207968.24086523 -7.15502405 9.97247696 0.182330683 8
1674207968.24086523 -8.30510426 14.8388577 0.291664273 9
1674207968.24086523 16.0070496 -12.0489244 0.295540631 10
1674207968.24086523 -15.371027 15.1107922 0.277876943 11
1674207968.24086523 18.3653183 15.1916914 0.305022746 12
1674207968.24086523 24.0877991 -6.69138336 0.283835977 13
1674207968.24086523 3.69542456 21.4919338 0.250293911 14
1674207968.24086523 23.1267452 1.99626815 0.238770157 15
