1687940912.06350851 10.2558899 3.92397094 0.204313591 0
1687940912.06350851 -2.5141654 -6.74129105 0.149769947 1
1687940912.06350851 7.3810544 1.48244095 0.155850753 2
1687940912.06350851 7.67998123 -5.45667601 0.148374632 3
1687940912.06350851 -1.43633544 5.25156498 0.0972630531 4
1687940912.06350851 10.2963743 2.85547018 0.137232125 5
1687940912.06350851 -0.848538935 -15.9904842 0.19404009 6
1687940912.06350851 9.24163342 5.43614674 0.0927085206 7
1687940912.06350851 -6.99625921 -12.8022633 0.198653802 8
1687940912.06350851 1.53509307 24.4394188 0.298400193 9
