1.67421e+09 3.92504 -5.92392 0.326464
1.67421e+09 4.43107 -6.66622 0.364961
1.67421e+09 4.44875 -6.66694 0.365036
1.67421e+09 4.41459 -6.59679 0.362466
1.67421e+09 4.38552 -6.53221 0.361205
1.67421e+09 4.36196 -6.47668 0.35965
1.67421e+09 4.34442 -6.42995 0.359119
1.67421e+09 4.33064 -6.38994 0.358213
1.67421e+09 4.30447 -6.35641 0.356179
1.67421e+09 4.27648 -6.32421 0.354003
1.67421e+09 5.60561 5.33267 0.201041
1.67421e+09 6.29514 5.99605 0.222107
1.67421e+09 6.30464 5.99598 0.221967
1.67421e+09 6.2116 5.92818 0.216927
1.67421e+09 6.1326 5.87002 0.214686
1.67421e+09 6.08003 5.81736 0.21132
1.67421e+09 6.04661 5.77383 0.208206
1.67421e+09 6.02113 5.7373 0.204187
1.67421e+09 6.00038 5.70587 0.200635
1.67421e+09 5.9856 5.68266 0.198869
1.67421e+09 9.33229 -8.66906 0.31788
1.67421e+09 10.6655 -9.9075 0.363291
1.67421e+09 10.681 -9.88301 0.35423
1.67421e+09 10.575 -9.76469 0.353269
1.67421e+09 10.5632 -9.75154 0.353162
1.67421e+09 10.4601 -9.62057 0.337975
1.67421e+09 -7.05125 -5.416 0.228934
1.67421e+09 -7.92385 -6.08727 0.256159
1.67421e+09 -7.90932 -6.07347 0.25202
1.67421e+09 -7.80696 -5.9932 0.250209
1.67421e+09 -7.73471 -5.93849 0.248366
1.67421e+09 9.55022 6.29806 0.220395
1.67421e+09 10.8004 7.11587 0.251699
1.67421e+09 10.8238 7.13028 0.250217
1.67421e+09 10.7305 7.0722 0.24883
1.67421e+09 10.6469 7.0149 0.243852
1.67421e+09 10.5584 6.9588 0.238537
1.67421e+09 10.551 6.95413 0.238094
1.67421e+09 10.5042 6.92262 0.228947
1.67421e+09 0.567931 5.21297 0.142452
1.67421e+09 0.633596 5.88256 0.160157
1.67421e+09 0.626949 5.90005 0.160062
1.67421e+09 0.376705 -9.8192 0.245866
1.67421e+09 0.432676 -11.0448 0.272685
1.67421e+09 0.442592 -11.0442 0.269547
1.67421e+09 -5.87793 8.56207 0.174476
1.67421e+09 -6.59967 9.64185 0.198899
1.67421e+09 -6.60467 9.63135 0.195699
1.67421e+09 -6.53427 9.52299 0.191115
1.67421e+09 -6.47119 9.42062 0.185051
1.67421e+09 -6.40528 9.3509 0.186943
1.67421e+09 4.28157 -22.8758 0.354306
1.67421e+09 4.78972 -25.7318 0.391891
1.67421e+09 4.81982 -25.7234 0.39453
1.67421e+09 4.82316 -25.7224 0.394823
1.67421e+09 4.82353 -25.7223 0.394855
1.67421e+09 4.82357 -25.7223 0.394859
1.67421e+09 3.01102 12.547 0.24203
1.67421e+09 3.40219 14.1225 0.269933
1.67421e+09 3.41814 14.1271 0.264709
1.67421e+09 3.38389 13.9748 0.262827
1.67421e+09 3.33263 13.8311 0.26634
1.67421e+09 -3.70607 6.04803 0.142399
1.67421e+09 -4.17667 6.80185 0.154404
1.67421e+09 -4.17902 6.80107 0.152452
1.67421e+09 -4.129 6.72056 0.146789
1.67421e+09 -4.06455 6.64032 0.141119
1.67421e+09 -5.45114 5.29857 0.133722
1.67421e+09 -6.12825 5.97721 0.139481
1.67421e+09 -6.10988 5.97394 0.138486
1.67421e+09 21.2492 3.27133 0.298862
1.67421e+09 23.9155 3.71997 0.326284
1.67421e+09 23.9258 3.76372 0.317098
1.67421e+09 23.9269 3.76858 0.316078
1.67421e+09 23.6732 3.76257 0.305095
1.67421e+09 23.4392 3.71705 0.310529
1.67421e+09 23.2522 3.72049 0.303136
1.67421e+09 -12.6555 -11.2996 0.248418
1.67421e+09 -14.2509 -12.7708 0.284874
1.67421e+09 -14.2611 -12.786 0.290255
1.67421e+09 -14.1168 -12.6518 0.292779
1.67421e+09 -13.9647 -12.531 0.273531
1.67421e+09 10.9823 16.9352 0.24295
1.67421e+09 12.365 19.0489 0.273977
1.67421e+09 12.3798 19.0422 0.273857
1.67421e+09 12.257 18.8224 0.268674
1.67421e+09 12.1381 18.6242 0.264031
1.67421e+09 13.6258 11.4972 0.257534
1.67421e+09 15.3359 12.9351 0.290542
1.67421e+09 5.038 -8.94559 0.123981
1.67421e+09 5.64185 -10.0731 0.132519
1.67421e+09 5.63266 -10.0814 0.126668
1.67421e+09 5.56203 -9.98013 0.123376
1.67421e+09 5.52467 -9.87464 0.134072
1.67421e+09 5.52127 -9.86505 0.135045
1.67421e+09 5.49621 -9.77296 0.136251
1.67421e+09 5.73464 7.197 0.143491
1.67421e+09 6.45475 8.08929 0.154325
1.67421e+09 6.45578 8.08423 0.147062
1.67421e+09 6.38869 7.99177 0.142568
1.67421e+09 6.32141 7.9041 0.134308
1.67421e+09 6.27189 7.85514 0.143193
1.67421e+09 28.1954 3.59171 0.280942
1.67421e+09 31.7288 4.06643 0.310258
1.67421e+09 31.7434 4.10306 0.305019
1.67421e+09 31.3811 4.03888 0.308596
1.67421e+09 31.0717 4.01718 0.304697
1.67421e+09 30.8185 4.0111 0.29648
1.67421e+09 -10.7255 -17.3055 0.287156
1.67421e+09 -12.0558 -19.4566 0.324207
1.67421e+09 -3.78729 -13.7098 0.187068
1.67421e+09 -4.24856 -15.413 0.207283
1.67421e+09 -4.24394 -15.4203 0.218004
1.67421e+09 -0.475415 16.1385 0.300986
1.67421e+09 -0.528348 18.1426 0.324302
1.67421e+09 14.7088 -12.2991 0.186289
1.67421e+09 16.5675 -13.843 0.209316
1.67421e+09 -8.19243 -9.13429 0.18361
