1674207956.84362316 -5.74442339 -6.92355108 0.308338553 0
1674207956.84362316 5.41506433 5.26617241 0.193506792 1
1674207956.84362316 10.5380774 -10.8232098 0.317914844 2
1674207956.84362316 10.9214649 5.54264021 0.298770398 3
1674207956.84362316 -3.58974743 7.09560966 0.129506677 4
1674207956.84362316 -9.00868225 5.69673681 0.282243192 5
1674207956.84362316 -1.99247873 16.7439003 0.263314515 6
1674207956.84362316 18.4367847 -12.0195017 0.255186766 7
1674207956.84362316 -2.80218458 -14.564827 0.165804118 8
1674207956.84362316 7.14214182 22.4334431 0.246899754 9
1674207956.84362316 1.30757916 -24.316433 0.231497318 10
1674207956.84362316 5.10866165 -19.7364197 0.332969248 11
1674207956.84362316 15.0370407 23.1943207 0.245740607 12
