1687940943.4308598 6.05096436 -2.58268452 0.2462136 0
1687940943.4308598 -2.2257185 -10.873765 0.263286948 1
1687940943.4308598 -0.70755142 -6.4156909 0.248028889 2
1687940943.4308598 -1.2274971 8.74174118 0.201876253 3
1687940943.4308598 7.43537712 4.01467323 0.18416442 4
1687940943.4308598 -6.22268629 -4.6398325 0.238771975 5
1687940943.4308598 1.98183763 5.94365025 0.0893660337 6
1687940943.4308598 12.0851154 -4.22524166 0.192664385 7
1687940943.4308598 8.53917122 -5.22513723 0.234690875 8
1687940943.4308598 -4.01873398 -9.54707909 0.124677554 9
1687940943.4308598 16.6392765 -1.93639874 0.185949087 10
1687940943.4308598 0.518307567 -7.6702714 0.135167509 11
1687940943.4308598 1.02644861 -9.15716934 0.148061961 12
1687940943.4308598 2.42137551 9.948843 0.123495683 13
1687940943.4308598 11.5055037 4.57856894 0.173464611 14
1687940943.4308598 -10.1182375 -12.5518274 0.154419959 15
