1687940909.34032488 6.09725237 5.26536846 0.231296986 0
1687940909.34032488 -5.49080324 -6.67027998 0.162089795 1
1687940909.34032488 4.90772295 6.70093346 0.106595226 2
1687940909.34032488 16.696619 -3.36258459 0.260555178 3
1687940909.34032488 0.800518274 10.6721535 0.108803265 4
1687940909.34032488 6.39030695 4.18734646 0.166468725 5
1687940909.34032488 -9.41282368 10.7097998 0.184656084 6
1687940909.34032488 -5.61719418 5.47584152 0.149385527 7
1687940909.34032488 -4.42835808 24.8674278 0.307235956 8
1687940909.34032488 -3.01242065 -15.636795 0.166624099 9
