1.67421e+09 8.29607 3.99888 0.318307
1.67421e+09 9.32667 4.51166 0.363742
1.67421e+09 9.32878 4.51029 0.361725
1.67421e+09 9.22534 4.4598 0.354674
1.67421e+09 9.11813 4.41415 0.344567
1.67421e+09 9.02826 4.38284 0.338201
1.67421e+09 -1.91945 -7.92675 0.320213
1.67421e+09 -2.17072 -8.93005 0.355874
1.67421e+09 -2.16412 -8.91888 0.354182
1.67421e+09 -2.15744 -8.83709 0.350203
1.67421e+09 9.62783 10.1662 0.287117
1.67421e+09 10.8082 11.4422 0.311438
1.67421e+09 10.9558 11.6017 0.314479
1.67421e+09 10.7958 11.4594 0.294652
1.67421e+09 10.6417 11.3257 0.284726
1.67421e+09 21.0505 -9.54807 0.251137
1.67421e+09 23.7079 -10.6938 0.276211
1.67421e+09 23.7402 -10.6374 0.264367
1.67421e+09 15.0318 5.60229 0.155388
1.67421e+09 16.9032 6.29359 0.169906
1.67421e+09 16.9264 6.28685 0.193221
