1674207964.00467348 4.40539694 8.81302452 0.304290235 0
1674207964.00467348 2.08723903 -12.1918354 0.347069174 1
1674207964.00467348 9.33496761 -7.54955912 0.251191616 2
1674207964.00467348 -4.38790846 6.88175869 0.293665767 3
1674207964.00467348 15.9012079 9.29035568 0.300280392 4
1674207964.00467348 3.5574739 13.6921082 0.254145443 5
1674207964.00467348 11.8384457 8.68492222 0.192347914 6
1674207964.00467348 -8.47205353 8.96510601 0.237416267 7
1674207964.00467348 10.0225325 -19.0002842 0.30899924 8
1674207964.00467348 10.6605206 13.5130911 0.260654062 9
1674207964.00467348 -4.55713463 12.042592 0.262494326 10
1674207964.00467348 17.6454239 -7.69870329 0.239187062 11
1674207964.00467348 -11.8896027 -10.938736 0.243683875 12
1674207964.00467348 8.36187363 -18.3782845 0.196146324 13
1674207964.00467348 -3.28359556 -10.6139078 0.135651276 14
1674207964.00467348 -3.37839437 21.7116585 0.271277368 15
1674207964.00467348 22.9582653 7.11482096 0.19889608 16
1674207964.00467348 26.352335 10.3692446 0.284690738 17
