1.67421e+09 4.85107 -7.86818 0.356365
1.67421e+09 4.17721 -5.28254 0.340797
1.67421e+09 5.31289 11.412 0.279566
1.67421e+09 2.76021 -6.64024 0.173889
1.67421e+09 8.97754 7.44304 0.24941
1.67421e+09 -4.7744 10.5754 0.266444
1.67421e+09 2.15083 8.32369 0.194383
1.67421e+09 13.1867 -8.76421 0.230718
1.67421e+09 14.1913 -12.0376 0.273983
1.67421e+09 22.1966 -6.5956 0.297503
1.67421e+09 -8.83982 10.1154 0.174631
1.67421e+09 -10.0056 14.947 0.29836
1.67421e+09 2.02048 21.52 0.263075
1.67421e+09 12.7689 21.5547 0.275174
1.67421e+09 16.6088 15.126 0.282755
1.67421e+09 21.3813 1.93309 0.25037
1.67421e+09 -17.4981 15.3052 0.278368
1.67421e+09 -7.4146 26.0207 0.30648
