1.67421e+09 1.13859 -5.89633 0.246727
1.67421e+09 1.26793 -6.65001 0.278119
1.67421e+09 1.26128 -6.65859 0.277211
1.67421e+09 1.25166 -6.58187 0.274768
1.67421e+09 1.22653 -6.53071 0.271925
1.67421e+09 1.20312 -6.48993 0.270056
1.67421e+09 1.19021 -6.44831 0.267234
1.67421e+09 1.17458 -6.41867 0.264938
1.67421e+09 1.16105 -6.3925 0.263188
1.67421e+09 1.14942 -6.36761 0.259138
1.67421e+09 11.9182 -6.75761 0.351783
1.67421e+09 13.4404 -7.60339 0.397597
1.67421e+09 13.4721 -7.60006 0.398442
1.67421e+09 13.3505 -7.50765 0.393453
1.67421e+09 13.2382 -7.42034 0.386706
1.67421e+09 13.112 -7.35049 0.374385
1.67421e+09 13.0387 -7.28886 0.369128
1.67421e+09 12.9805 -7.23396 0.364219
1.67421e+09 12.9346 -7.18328 0.358466
1.67421e+09 12.901 -7.13953 0.354016
1.67421e+09 2.43993 8.04758 0.171218
1.67421e+09 2.72095 9.03127 0.190742
1.67421e+09 2.7131 9.02494 0.187327
1.67421e+09 2.69713 8.93401 0.183374
1.67421e+09 2.69039 8.85455 0.185611
1.67421e+09 2.655 8.76475 0.181065
1.67421e+09 2.63707 8.71255 0.18871
1.67421e+09 2.60691 8.64501 0.186296
1.67421e+09 2.58287 8.59083 0.183782
1.67421e+09 2.56604 8.54341 0.17866
1.67421e+09 8.28373 -10.5386 0.267473
1.67421e+09 9.33209 -11.8528 0.297378
1.67421e+09 9.34674 -11.8473 0.294262
1.67421e+09 9.26901 -11.7036 0.286961
1.67421e+09 9.20095 -11.5708 0.280044
1.67421e+09 9.12613 -11.4734 0.277493
1.67421e+09 9.06812 -11.3883 0.272228
1.67421e+09 8.9893 -11.32 0.272321
1.67421e+09 8.75137 4.52849 0.184226
1.67421e+09 9.83099 5.09856 0.198179
1.67421e+09 9.82787 5.09988 0.193934
1.67421e+09 9.71156 5.0408 0.184403
1.67421e+09 9.64207 5.00424 0.197174
1.67421e+09 9.53507 4.9662 0.189983
1.67421e+09 9.45437 4.93735 0.187757
1.67421e+09 9.39951 4.89945 0.180754
1.67421e+09 9.36464 4.87084 0.173382
1.67421e+09 4.56985 5.33318 0.107025
1.67421e+09 5.11794 6.00502 0.119085
1.67421e+09 5.10378 6.0033 0.115274
1.67421e+09 5.04362 5.93114 0.109519
1.67421e+09 5.00684 5.86662 0.107302
1.67421e+09 4.98078 5.81515 0.106656
1.67421e+09 4.97098 5.77117 0.107474
1.67421e+09 4.96229 5.73546 0.108751
1.67421e+09 4.93005 5.7044 0.106542
1.67421e+09 13.8456 4.48506 0.201404
1.67421e+09 15.6221 5.05373 0.231041
1.67421e+09 15.5872 5.0472 0.226269
1.67421e+09 15.4012 4.98253 0.217549
1.67421e+09 15.2406 4.9261 0.212819
1.67421e+09 15.0743 4.87672 0.21081
1.67421e+09 15.0605 4.8726 0.210642
1.67421e+09 14.9823 4.84744 0.203742
1.67421e+09 14.9138 4.8156 0.196765
1.67421e+09 -4.71328 -11.6587 0.263127
1.67421e+09 -5.30402 -13.1151 0.294609
1.67421e+09 -5.31301 -13.1372 0.295782
1.67421e+09 -7.02371 10.8956 0.221409
1.67421e+09 -7.90883 12.2493 0.244061
1.67421e+09 -7.90928 12.2437 0.236572
1.67421e+09 -7.81066 12.1439 0.238685
1.67421e+09 -7.70767 12.0489 0.229167
1.67421e+09 7.99134 15.4349 0.273433
1.67421e+09 8.98609 17.3625 0.301392
1.67421e+09 8.99663 17.3664 0.289864
1.67421e+09 8.88651 17.1652 0.278336
1.67421e+09 -3.48922 14.6952 0.245745
1.67421e+09 -3.90661 16.5902 0.279613
1.67421e+09 -8.07254 6.70597 0.180704
1.67421e+09 -9.09915 7.53075 0.197494
1.67421e+09 11.3624 11.7626 0.235615
1.67421e+09 12.8151 13.2533 0.258952
1.67421e+09 12.8514 13.2814 0.257948
1.67421e+09 12.7175 13.1417 0.256142
1.67421e+09 12.6124 13.0267 0.247188
1.67421e+09 -2.89051 -17.664 0.323632
1.67421e+09 -3.27959 -19.8843 0.351634
1.67421e+09 4.01279 -14.3316 0.189137
1.67421e+09 4.52882 -16.1053 0.20781
1.67421e+09 4.53284 -16.0942 0.199136
1.67421e+09 4.48868 -15.9118 0.198116
1.67421e+09 4.42444 -15.7703 0.201589
1.67421e+09 21.9846 10.4465 0.286358
1.67421e+09 24.7559 11.772 0.325839
1.67421e+09 19.4729 15.9439 0.255079
1.67421e+09 21.929 17.9372 0.283485
