1687940920.63656521 8.85604763 -2.86937642 0.254664272 0
1687940920.63656521 -4.6704421 -5.53144407 0.208582178 1
1687940920.63656521 4.75429726 6.04674864 0.190146819 2
1687940920.63656521 -2.18814182 8.49541092 0.206628576 3
1687940920.63656521 5.83024645 -3.2750051 0.117867686 4
1687940920.63656521 5.91926241 11.3719912 0.214005575 5
1687940920.63656521 9.03879452 -6.11058521 0.144948259 6
1687940920.63656521 16.4028549 -3.56359267 0.223017305 7
1687940920.63656521 9.49771595 5.95456886 0.1333967 8
1687940920.63656521 4.72907972 -12.2234287 0.164510131 9
1687940920.63656521 -6.06937551 -7.99018097 0.144472808 10
1687940920.63656521 15.3394861 4.83091497 0.160239652 11
1687940920.63656521 -7.316535 8.87016678 0.136489645 12
