1687940938.18613911 2.0316143 -6.0210743 0.241480619 0
1687940938.18613911 5.55588341 -5.279356 0.180565745 1
1687940938.18613911 10.279706 -3.36051559 0.199301481 2
1687940938.18613911 5.73882341 3.43033719 0.135546133 3
1687940938.18613911 -6.57234478 8.5935154 0.203874677 4
1687940938.18613911 -3.63272595 5.57609177 0.0839332715 5
1687940938.18613911 13.8065414 4.15057707 0.240055338 6
1687940938.18613911 9.13185787 -12.1697559 0.228550732 7
1687940938.18613911 -2.83290172 9.52790737 0.141268924 8
1687940938.18613911 -0.843495369 15.7746935 0.215885267 9
