1.67421e+09 1.94834 -7.89933 0.343014
1.67421e+09 2.16562 -8.9088 0.380417
1.67421e+09 2.14672 -8.92268 0.374869
1.67421e+09 2.1211 -8.83343 0.374047
1.67421e+09 2.09384 -8.74419 0.366512
1.67421e+09 2.06783 -8.67258 0.358732
1.67421e+09 2.05417 -8.60766 0.353402
1.67421e+09 2.05311 -8.60267 0.352992
1.67421e+09 2.05303 -8.60229 0.35296
1.67421e+09 6.59738 -5.96354 0.351546
1.67421e+09 7.53987 -6.81547 0.401767
1.67421e+09 7.67451 -6.93718 0.408941
1.67421e+09 7.69374 -6.95457 0.409966
1.67421e+09 7.50887 -6.79427 0.382055
1.67421e+09 11.6182 4.31155 0.309977
1.67421e+09 13.0674 4.85038 0.344531
1.67421e+09 13.0676 4.85606 0.342273
1.67421e+09 12.9146 4.80306 0.333725
1.67421e+09 12.7878 4.7666 0.336858
1.67421e+09 12.7763 4.76328 0.337143
1.67421e+09 5.20719 -16.2297 0.294805
1.67421e+09 7.27695 -5.04398 0.222841
1.67421e+09 12.6278 10.4541 0.179145
1.67421e+09 14.2186 11.7608 0.206436
1.67421e+09 14.221 11.7497 0.196877
1.67421e+09 -16.2722 -15.6927 0.247847
