1687940923.9649334 -1.69528651 -5.81248188 0.213080436 0
1687940923.9649334 1.64668918 8.05621338 0.211089507 1
1687940923.9649334 12.04527 -3.9587214 0.250289172 2
1687940923.9649334 8.40379715 5.24862289 0.239538908 3
1687940923.9649334 -1.256621 16.1278057 0.222231001 4
1687940923.9649334 9.04586506 -4.16875124 0.12494044 5
1687940923.9649334 -3.37979507 8.69439125 0.110974565 6
1687940923.9649334 12.0719309 -7.21826029 0.165417314 7
1687940923.9649334 -3.09717679 -8.1921463 0.121682972 8
1687940923.9649334 7.38509703 -13.0743608 0.178978562 9
1687940923.9649334 13.1700659 4.88150072 0.181536809 10
