1687940939.09389019 2.87720752 -6.12086535 0.248140231 0
1687940939.09389019 6.46124887 -5.46074533 0.187386513 1
1687940939.09389019 11.2486238 -3.61664081 0.212241888 2
1687940939.09389019 6.86367321 3.26186609 0.137492448 3
1687940939.09389019 -5.46302795 8.62088585 0.187402293 4
1687940939.09389019 -2.56682205 5.57470512 0.0914125443 5
1687940939.09389019 14.9310265 3.76802087 0.239392325 6
1687940939.09389019 7.77643299 11.37358 0.222618848 7
1687940939.09389019 -0.36511296 -10.5440645 0.138218328 8
1687940939.09389019 -1.66773522 9.47757721 0.119230323 9
1687940939.09389019 -5.34387779 -7.85658503 0.107044704 10
1687940939.09389019 -4.95836258 -9.47109509 0.188720316 11
