1687940945.44803381 1.60005713 -6.77814722 0.268943965 0
1687940945.44803381 8.60380936 -3.16455388 0.257143527 1
1687940945.44803381 -0.0414498597 -11.04319 0.269007981 2
1687940945.44803381 6.40308332 -3.52848315 0.0906143263 3
1687940945.44803381 10.2467051 3.35591674 0.176478326 4
1687940945.44803381 -5.35336781 11.3817854 0.222652167 5
1687940945.44803381 1.76708102 8.46117306 0.23228699 6
1687940945.44803381 -1.87253177 -9.6410532 0.142157644 7
1687940945.44803381 4.83801317 5.52646971 0.0865065083 8
1687940945.44803381 5.58938789 9.52090645 0.140696481 9
1687940945.44803381 19.3234463 -2.92440462 0.209987685 10
1687940945.44803381 7.23358727 4.26530027 0.168148234 11
1687940945.44803381 7.82464743 -10.4110403 0.149035931 12
