1687940910.24803019 7.47400236 4.78352213 0.210689932 0
1687940910.24803019 5.58146143 -4.89355278 0.18293649 1
1687940910.24803019 -4.56750727 -6.68344069 0.160914317 2
1687940910.24803019 -4.21744919 5.40695238 0.121786341 3
1687940910.24803019 1.21333897 -8.71048164 0.173225641 4
1687940910.24803019 9.50880337 9.68448067 0.285309881 5
1687940910.24803019 11.5178699 -5.23247242 0.241998523 6
1687940910.24803019 17.6206264 -4.32061672 0.272407323 7
1687940910.24803019 2.40119958 10.3506651 0.103401169 8
1687940910.24803019 -2.32572532 -15.7577305 0.153939933 9
1687940910.24803019 -2.36916041 24.7289829 0.304431111 10
