1.67421e+09 0.839595 -5.92877 0.241624
1.67421e+09 11.8634 -6.65883 0.335483
1.67421e+09 8.09225 -10.4757 0.245558
1.67421e+09 2.17847 8.08378 0.178363
1.67421e+09 13.5783 4.53376 0.198491
1.67421e+09 8.44334 4.57141 0.133233
1.67421e+09 -4.97168 -11.6955 0.260696
1.67421e+09 4.30437 5.34084 0.0843656
1.67421e+09 11.135 11.8525 0.243684
1.67421e+09 -14.0992 -5.78669 0.348115
1.67421e+09 -7.31423 10.9529 0.209733
1.67421e+09 -3.17372 -17.725 0.345776
1.67421e+09 -8.42705 6.6811 0.197218
1.67421e+09 -3.76762 14.782 0.246995
1.67421e+09 3.76243 -14.2433 0.163731
1.67421e+09 21.6864 10.5262 0.289881
