1.67421e+09 5.51184 7.6338 0.277109
1.67421e+09 -7.06918 -6.34001 0.197956
1.67421e+09 10.7779 -11.8247 0.273048
1.67421e+09 -0.662942 -6.45599 0.214322
1.67421e+09 9.70781 -8.55237 0.224394
1.67421e+09 -1.3435 8.47888 0.189214
1.67421e+09 18.8826 -6.30722 0.26799
1.67421e+09 1.87379 11.6096 0.259621
1.67421e+09 -8.70065 10.727 0.2652
1.67421e+09 -5.95042 -12.057 0.303572
1.67421e+09 17.8769 2.16243 0.218864
1.67421e+09 13.1256 15.3358 0.295266
1.67421e+09 -13.9485 15.066 0.291997
1.67421e+09 -2.55947 -12.1796 0.154573
1.67421e+09 -21.0061 15.3268 0.271718
