1.67421e+09 9.21145 4.16218 0.321388
1.67421e+09 10.3427 4.68914 0.355769
1.67421e+09 10.3502 4.67791 0.353728
1.67421e+09 10.2378 4.62133 0.346459
1.67421e+09 -0.883326 -7.94231 0.315269
1.67421e+09 -1.00227 -8.94163 0.344307
1.67421e+09 10.409 10.2183 0.224459
1.67421e+09 11.6904 11.5183 0.247999
1.67421e+09 11.6768 11.5325 0.242053
1.67421e+09 11.5313 11.4201 0.233797
1.67421e+09 11.3785 11.2965 0.227262
1.67421e+09 22.1173 -9.2315 0.239098
1.67421e+09 24.8968 -10.3547 0.262328
1.67421e+09 24.9165 -10.3053 0.252875
1.67421e+09 15.9572 5.83037 0.165025
1.67421e+09 17.9401 6.55509 0.178742
