1687940947.96950841 4.17221308 -7.70521307 0.253614366 0
1687940947.96950841 2.16439176 -11.8556566 0.294638753 1
1687940947.96950841 11.5807648 -4.90162659 0.245404571 2
1687940947.96950841 -0.740966618 11.0810986 0.236947775 3
1687940947.96950841 6.01340771 7.44482136 0.223133355 4
1687940947.96950841 -3.59785986 -5.32769966 0.0991257355 5
1687940947.96950841 7.04932165 -5.91879272 0.237897933 6
1687940947.96950841 -6.05749989 -12.1720724 0.193064749 7
1687940947.96950841 -3.22072554 -7.05363274 0.0894251764 8
1687940947.96950841 9.37761688 -5.05877304 0.141613469 9
1687940947.96950841 -0.493719786 -5.40295935 0.172138572 10
1687940947.96950841 0.444066554 -10.2575884 0.145190015 11
1687940947.96950841 6.33765411 1.57318592 0.106977768 12
