1.67421e+09 2.48042 -7.87609 0.278437
1.67421e+09 2.77761 -8.86837 0.315754
1.67421e+09 2.80447 -8.85408 0.312046
1.67421e+09 2.74259 -8.76267 0.308489
1.67421e+09 2.6953 -8.67084 0.299975
1.67421e+09 2.65879 -8.59263 0.292276
1.67421e+09 2.63949 -8.52698 0.285534
1.67421e+09 2.63602 -8.46723 0.280259
1.67421e+09 2.6371 -8.41595 0.275
1.67421e+09 2.64368 -8.37237 0.272135
1.67421e+09 11.5597 -5.62235 0.305554
1.67421e+09 13.0306 -6.29723 0.346051
1.67421e+09 13.2144 -6.38159 0.351113
1.67421e+09 13.0746 -6.26316 0.343866
1.67421e+09 12.9373 -6.13891 0.334232
1.67421e+09 12.8196 -6.03838 0.32599
1.67421e+09 12.7322 -5.951 0.320218
1.67421e+09 -2.39285 8.33971 0.286142
1.67421e+09 -2.69388 9.38783 0.319793
1.67421e+09 -2.69425 9.39239 0.316289
1.67421e+09 -2.66289 9.28257 0.316482
1.67421e+09 10.4951 3.19048 0.243334
1.67421e+09 11.9944 3.64626 0.278096
1.67421e+09 11.9906 3.6514 0.287842
1.67421e+09 11.8046 3.61001 0.276545
1.67421e+09 11.6359 3.58056 0.268639
1.67421e+09 11.5005 3.55394 0.260309
1.67421e+09 11.4201 3.51124 0.254353
1.67421e+09 11.3283 3.46085 0.243314
1.67421e+09 11.2678 3.42967 0.237497
1.67421e+09 11.2227 3.40419 0.236961
1.67421e+09 4.94623 16.2094 0.307305
1.67421e+09 5.65283 18.525 0.351206
1.67421e+09 5.75378 18.8558 0.357477
1.67421e+09 5.66577 18.5767 0.358082
1.67421e+09 5.5728 18.288 0.35211
1.67421e+09 5.50188 18.0509 0.339185
1.67421e+09 12.9925 -17.4478 0.284943
1.67421e+09 14.8486 -19.9404 0.325649
1.67421e+09 14.891 -19.9027 0.316753
1.67421e+09 -9.32556 8.92796 0.198289
1.67421e+09 -10.4829 10.0452 0.218078
1.67421e+09 -10.4699 10.0468 0.215493
1.67421e+09 24.2381 3.61484 0.289609
1.67421e+09 27.2329 4.07081 0.3254
1.67421e+09 27.6073 4.12781 0.329874
1.67421e+09 27.2835 4.07284 0.316758
1.67421e+09 26.9776 4.01796 0.299221
1.67421e+09 26.7397 3.97231 0.287222
1.67421e+09 -6.29084 12.113 0.279837
1.67421e+09 -7.05767 13.6411 0.316315
1.67421e+09 0.806521 22.4829 0.256465
1.67421e+09 -12.9467 -11.6191 0.206218
1.67421e+09 -14.5771 -13.0706 0.224551
1.67421e+09 -3.86352 7.74613 0.118192
1.67421e+09 -4.3408 8.71018 0.125108
1.67421e+09 -4.33395 8.70629 0.117036
