1.67421e+09 8.01544 3.97568 0.30999
1.67421e+09 9.01661 4.47778 0.348662
1.67421e+09 9.00492 4.4834 0.345066
1.67421e+09 8.89634 4.44055 0.340864
1.67421e+09 8.78195 4.38743 0.32668
1.67421e+09 8.70407 4.3529 0.321708
1.67421e+09 -2.18323 -7.87022 0.329566
1.67421e+09 -2.47608 -8.872 0.364262
1.67421e+09 -2.48646 -8.87809 0.359281
1.67421e+09 9.32168 10.1758 0.269411
1.67421e+09 10.4661 11.4402 0.290611
1.67421e+09 10.4501 11.4491 0.286996
1.67421e+09 10.3118 11.296 0.275116
1.67421e+09 10.1941 11.184 0.266148
1.67421e+09 10.0913 11.0676 0.257528
1.67421e+09 3.53747 -6.05592 0.289499
1.67421e+09 3.99544 -6.81202 0.311927
1.67421e+09 4.05268 -6.90653 0.314731
1.67421e+09 4.0438 -6.83515 0.288016
1.67421e+09 3.97384 -6.73496 0.264926
1.67421e+09 3.91039 -6.62726 0.249908
1.67421e+09 0.00727033 10.6251 0.204832
1.67421e+09 0.00635525 11.956 0.23247
1.67421e+09 0.825467 -16.3098 0.305164
1.67421e+09 20.7256 -9.6128 0.281989
1.67421e+09 23.6864 -10.9861 0.322273
1.67421e+09 24.1094 -11.1822 0.328028
1.67421e+09 23.7814 -10.9528 0.311804
1.67421e+09 23.4327 -10.71 0.288585
1.67421e+09 14.7509 5.57569 0.158772
1.67421e+09 16.6245 6.27545 0.207353
1.67421e+09 -2.64269 -17.9564 0.102999
1.67421e+09 -2.95776 -20.1878 0.11584
