1.67421e+09 0.965575 -5.58824 0.277984
1.67421e+09 -4.13162 -8.01911 0.314509
1.67421e+09 10.8543 4.5558 0.249048
1.67421e+09 -3.35816 12.1644 0.23619
1.67421e+09 14.9658 -7.70842 0.279049
1.67421e+09 -6.57104 -8.04079 0.13322
1.67421e+09 10.423 -9.00786 0.137923
1.67421e+09 -0.334406 15.6564 0.213703
1.67421e+09 -0.64276 -10.6389 0.181046
1.67421e+09 -10.3702 -11.1675 0.178953
1.67421e+09 16.6498 16.04 0.237403
1.67421e+09 2.82399 -9.25345 0.0888593
1.67421e+09 12.6203 -8.67705 0.203262
1.67421e+09 9.82437 6.31667 0.0751202
1.67421e+09 15.3715 -17.3724 0.191623
1.67421e+09 5.08782 -15.859 0.168736
1.67421e+09 8.25066 26.4076 0.259542
