1.67421e+09 2.87318 -7.23365 0.308753
1.67421e+09 9.62716 9.69273 0.322621
1.67421e+09 5.52026 9.05199 0.145233
1.67421e+09 -4.22647 -11.954 0.339315
1.67421e+09 4.33327 13.8531 0.25424
1.67421e+09 12.3617 -12.9778 0.276672
1.67421e+09 3.68923 -18.6486 0.299756
1.67421e+09 11.2982 -7.31134 0.195459
1.67421e+09 -9.76207 -10.1963 0.148522
1.67421e+09 16.6314 7.47267 0.196047
1.67421e+09 -10.8581 12.4662 0.266156
1.67421e+09 19.8458 10.6923 0.266944
1.67421e+09 -10.6374 7.19288 0.273276
1.67421e+09 4.82304 -17.3778 0.152249
1.67421e+09 23.4617 6.82715 0.257051
