1687940915.19016171 -1.7916733 5.67368841 0.216053754 0
1687940915.19016171 8.49888706 3.74266934 0.163664088 1
1687940915.19016171 9.13089848 -4.67097902 0.223360792 2
1687940915.19016171 1.55112052 -6.66953182 0.129896387 3
1687940915.19016171 2.99155068 5.23438168 0.144017398 4
1687940915.19016171 -0.236261547 10.8634987 0.183558509 5
1687940915.19016171 -2.93281436 -12.7110023 0.176827654 6
1687940915.19016171 14.4880066 3.802845 0.211229861 7
1687940915.19016171 -1.56214154 9.54720879 0.104766451 8
1687940915.19016171 -8.32875252 8.52023983 0.190900087 9
1687940915.19016171 0.217729062 9.74856472 0.127943784 10
