1687940914.18155575 -3.1986537 5.72320938 0.226939589 0
1687940914.18155575 7.950212 -4.41575718 0.223675877 1
1687940914.18155575 7.04435444 4.05627584 0.192556277 2
1687940914.18155575 1.67961264 5.33604336 0.108889051 3
1687940914.18155575 -1.70422769 10.9391661 0.185291454 4
1687940914.18155575 13.232398 4.15680647 0.213035017 5
1687940914.18155575 -3.86778522 -12.6519003 0.165781662 6
1687940914.18155575 -3.04021645 9.66278648 0.127183244 7
1687940914.18155575 10.635107 -5.25828314 0.146022424 8
1687940914.18155575 8.22432327 10.000926 0.15787816 9
1687940914.18155575 -1.37467289 9.7276392 0.121637687 10
