1674207943.63098812 1.94052923 -5.77910089 0.325948864 0
1674207943.63098812 3.54960895 5.48601341 0.193272755 1
1674207943.63098812 7.47792768 -8.53323841 0.295488864 2
1674207943.63098812 7.60934162 6.55352163 0.214034528 3
1674207943.63098812 -1.63435078 -9.68715668 0.250635296 4
1674207943.63098812 -1.5081867 5.44439268 0.130834684 5
1674207943.63098812 19.0939751 -8.66379738 0.335289031 6
1674207943.63098812 11.5625944 11.6732645 0.254683733 7
1674207943.63098812 -8.99658871 -5.22041416 0.208286628 8
1674207943.63098812 -2.55111217 16.2593155 0.289560318 9
1674207943.63098812 0.947033405 12.7200546 0.256529659 10
1674207943.63098812 19.1962452 3.54692698 0.265532404 11
1674207943.63098812 3.67144012 7.31742144 0.0973591059 12
1674207943.63098812 12.8242836 -12.154912 0.174828589 13
1674207943.63098812 -12.8496075 -17.2477226 0.313246906 14
1674207943.63098812 -14.6755018 -11.2397738 0.257412076 15
1674207943.63098812 9.51021099 -17.9998493 0.232670024 16
1674207943.63098812 16.4605122 -8.56033516 0.190972731 17
1674207943.63098812 26.1786861 3.91395283 0.260315329 18
1674207943.63098812 18.8620567 11.5449429 0.258694053 19
1674207943.63098812 -5.69657326 6.1024456 0.106118821 20
1674207943.63098812 13.0690937 6.0489521 0.184858441 21
1674207943.63098812 -12.3887119 23.185215 0.279372841 22
