1687940958.05547237 8.52608967 -4.74509239 0.233297482 0
1687940958.05547237 -0.780272841 -8.71726608 0.254011124 1
1687940958.05547237 -0.839707375 -7.95113707 0.0913878307 2
1687940958.05547237 -7.35526514 -8.22016525 0.175119087 3
1687940958.05547237 2.45036435 -7.45591497 0.138769075 4
1687940958.05547237 5.26572227 -4.60422087 0.152294904 5
1687940958.05547237 -7.59784603 10.0347643 0.212459013 6
1687940958.05547237 -0.863945842 7.19056225 0.122800693 7
1687940958.05547237 3.58480191 -12.1293325 0.209991232 8
1687940958.05547237 11.3476019 3.52644658 0.116899535 9
1687940958.05547237 -9.30290794 -13.8635626 0.129777685 10
1687940958.05547237 -5.09746408 -20.9613895 0.228462756 11
1687940958.05547237 -9.01094246 -11.8474426 0.154173717 12
