1.67421e+09 8.23473 3.98777 0.319884
1.67421e+09 9.25301 4.49074 0.355458
1.67421e+09 9.24397 4.50101 0.356298
1.67421e+09 9.12599 4.45913 0.348067
1.67421e+09 9.03186 4.41368 0.341985
1.67421e+09 8.94477 4.37646 0.333998
1.67421e+09 -1.99823 -7.91987 0.32204
1.67421e+09 -2.25653 -8.91773 0.358988
1.67421e+09 -2.25665 -8.91198 0.355358
1.67421e+09 -2.25078 -8.83528 0.354787
1.67421e+09 9.54612 10.1304 0.254523
1.67421e+09 10.7234 11.428 0.298095
1.67421e+09 10.7013 11.4382 0.292777
1.67421e+09 0.177344 10.6849 0.236119
1.67421e+09 0.202679 12.2113 0.26985
1.67421e+09 3.90104 -5.9292 0.221303
1.67421e+09 1.0864 -16.3222 0.327937
1.67421e+09 1.2416 -18.6539 0.374786
1.67421e+09 20.9641 -9.54633 0.25224
1.67421e+09 23.6062 -10.7173 0.282452
1.67421e+09 23.6325 -10.6737 0.277069
1.67421e+09 6.87278 11.2645 0.195402
1.67421e+09 14.9696 5.59416 0.161347
1.67421e+09 17.1081 6.39333 0.184397
