1.67421e+09 1.53431 -7.22586 0.287118
1.67421e+09 -3.22302 9.32559 0.317948
1.67421e+09 8.16786 9.80042 0.330599
1.67421e+09 9.19878 11.0317 0.369641
1.67421e+09 9.21658 11.0368 0.364239
1.67421e+09 9.12449 10.9206 0.358062
1.67421e+09 9.04313 10.815 0.353726
1.67421e+09 8.98275 10.7324 0.353426
1.67421e+09 8.93537 10.6629 0.35009
1.67421e+09 8.93173 10.6576 0.349834
1.67421e+09 8.8928 10.6011 0.344628
1.67421e+09 -8.01177 -5.99369 0.317671
1.67421e+09 -9.02078 -6.73717 0.352743
1.67421e+09 -8.99831 -6.74411 0.358964
1.67421e+09 -8.86892 -6.69391 0.345154
1.67421e+09 4.1689 9.19394 0.226373
1.67421e+09 4.68759 10.3448 0.243012
1.67421e+09 4.66508 10.3437 0.233247
1.67421e+09 4.61836 10.2325 0.234598
1.67421e+09 4.61369 10.2214 0.234734
1.67421e+09 4.5886 10.123 0.224901
1.67421e+09 4.53557 10.0334 0.214059
1.67421e+09 4.49258 9.95915 0.204708
1.67421e+09 -5.66896 -11.8592 0.355302
1.67421e+09 10.93 -12.8779 0.325629
1.67421e+09 12.4914 -14.7176 0.372147
1.67421e+09 12.5183 -14.7229 0.379711
1.67421e+09 12.3541 -14.5176 0.36253
1.67421e+09 12.1864 -14.3039 0.34478
1.67421e+09 12.0226 -14.1512 0.346116
1.67421e+09 9.89178 -7.22476 0.22965
1.67421e+09 11.1351 -8.12616 0.254314
1.67421e+09 11.1122 -8.11573 0.243955
1.67421e+09 11.0008 -8.01383 0.235228
1.67421e+09 10.8753 -7.92674 0.222072
1.67421e+09 10.7899 -7.84335 0.215011
1.67421e+09 10.7309 -7.78425 0.213035
1.67421e+09 2.93574 13.9737 0.251182
1.67421e+09 3.31553 15.721 0.282196
1.67421e+09 3.33068 15.7185 0.278791
1.67421e+09 3.29616 15.5433 0.276466
1.67421e+09 15.1262 7.6385 0.201549
1.67421e+09 17.0372 8.59481 0.224827
1.67421e+09 17.0594 8.59347 0.222216
1.67421e+09 16.8952 8.49575 0.217371
1.67421e+09 16.7278 8.41154 0.214408
1.67421e+09 16.6073 8.33824 0.212282
1.67421e+09 16.5139 8.27766 0.210872
1.67421e+09 16.4361 8.22192 0.204293
1.67421e+09 18.428 10.8558 0.260295
1.67421e+09 20.7427 12.2205 0.295194
1.67421e+09 20.7535 12.2238 0.292857
1.67421e+09 20.5514 12.0901 0.286358
1.67421e+09 20.3697 11.966 0.276195
1.67421e+09 2.39778 -18.5492 0.307835
1.67421e+09 2.65272 -20.8756 0.354617
1.67421e+09 2.68459 -21.1663 0.360465
1.67421e+09 -12.1938 12.5307 0.292955
1.67421e+09 -13.7587 14.1141 0.33752
1.67421e+09 -11.0644 -10.192 0.181886
1.67421e+09 -12.4707 -11.4636 0.207085
1.67421e+09 22.1013 7.03012 0.218607
1.67421e+09 24.8584 7.89767 0.25447
1.67421e+09 24.8429 7.89207 0.253242
1.67421e+09 24.5732 7.8082 0.24937
1.67421e+09 0.78537 -17.922 0.208838
1.67421e+09 0.884571 -20.1504 0.22793
1.67421e+09 0.884042 -20.1335 0.21912
1.67421e+09 14.9126 20.7996 0.237558
