1687940915.69446039 -1.13178658 5.60788059 0.209229976 0
1687940915.69446039 9.66273117 -4.90035725 0.225145891 1
1687940915.69446039 2.06647205 -6.81339216 0.139962018 2
1687940915.69446039 9.24958706 3.5482378 0.18520461 3
1687940915.69446039 0.521022677 10.7900639 0.186780781 4
1687940915.69446039 15.3539867 2.26858997 0.0852640867 5
1687940915.69446039 -7.65109968 8.5552063 0.183973104 6
1687940915.69446039 -0.821299672 9.53915405 0.125178427 7
1687940915.69446039 0.859579027 9.62665939 0.112254143 8
1687940915.69446039 15.2858772 3.4509232 0.220336825 9
1687940915.69446039 3.5109303 -16.0862732 0.18407245 10
