1.67421e+09 8.92455 -12.1317 0.347246
1.67421e+09 12.5262 4.61713 0.266467
1.67421e+09 -7.69998 -10.0265 0.264931
1.67421e+09 3.65544 7.69125 0.200557
1.67421e+09 6.74726 12.1099 0.258178
1.67421e+09 -8.88487 -6.84273 0.221443
1.67421e+09 13.115 10.852 0.260944
1.67421e+09 2.03139 6.04849 0.175452
1.67421e+09 19.5677 -8.10268 0.300724
1.67421e+09 24.0757 -6.06951 0.289552
1.67421e+09 6.7952 9.12974 0.142113
1.67421e+09 -13.6233 9.3831 0.289633
1.67421e+09 -6.28783 17.2584 0.277443
1.67421e+09 3.16399 -15.9554 0.170557
