1.67421e+09 6.95943 -8.53931 0.319672
1.67421e+09 7.81575 -9.60712 0.352286
1.67421e+09 7.80935 -9.60673 0.347114
1.67421e+09 7.7346 -9.4684 0.335922
1.67421e+09 7.67972 -9.34878 0.33447
1.67421e+09 7.6007 -9.27374 0.327356
1.67421e+09 7.54293 -9.20503 0.320661
1.67421e+09 7.50401 -9.13762 0.31404
1.67421e+09 7.47526 -9.07036 0.307722
1.67421e+09 7.45236 -9.01631 0.305846
1.67421e+09 11.6675 -6.77848 0.349415
1.67421e+09 13.3343 -7.74683 0.399331
1.67421e+09 13.5724 -7.88516 0.406462
1.67421e+09 6.98423 4.04214 0.232716
1.67421e+09 7.86351 4.53589 0.280208
1.67421e+09 7.85143 4.5287 0.273532
1.67421e+09 7.73809 4.47414 0.25716
1.67421e+09 7.65124 4.42584 0.242833
1.67421e+09 7.64334 4.42145 0.24153
1.67421e+09 7.56385 4.38456 0.230251
1.67421e+09 7.4969 4.35198 0.222221
1.67421e+09 7.45358 4.32448 0.225074
1.67421e+09 7.4102 4.29836 0.218815
1.67421e+09 -4.33279 -11.9227 0.348683
1.67421e+09 -4.85382 -13.3995 0.380991
1.67421e+09 10.1155 -16.991 0.343172
1.67421e+09 11.3261 -19.1401 0.386143
1.67421e+09 11.3047 -19.1526 0.385856
1.67421e+09 11.2108 -18.9188 0.376568
1.67421e+09 11.133 -18.7068 0.369968
1.67421e+09 11.126 -18.6876 0.369368
1.67421e+09 11.0174 -18.5562 0.364283
1.67421e+09 -4.77541 12.3623 0.275517
1.67421e+09 -5.37998 13.9074 0.31608
1.67421e+09 -5.36343 13.9232 0.311866
1.67421e+09 -5.2824 13.7895 0.303542
1.67421e+09 16.9611 3.29769 0.264456
1.67421e+09 -8.04997 8.13924 0.171427
1.67421e+09 -9.049 9.15644 0.186625
1.67421e+09 -9.06749 9.15609 0.200283
1.67421e+09 -8.97205 9.0548 0.202702
1.67421e+09 -4.95941 9.41652 0.0874795
1.67421e+09 -5.53967 10.5763 0.100001
1.67421e+09 -5.6122 10.7212 0.101566
1.67421e+09 -5.50395 10.5992 0.0990522
1.67421e+09 -11.6114 -15.862 0.289694
1.67421e+09 -13.2702 -18.128 0.331079
1.67421e+09 6.52629 -26.9454 0.278409
