1674207084.40681934 2.88200045 -8.28569412 0.244424462 0
1674207084.40681934 13.0066471 -6.71573687 0.364980519 1
1674207084.40681934 6.13336897 -14.9600525 0.288316578 2
1674207084.40681934 8.26375484 5.13735676 0.220531896 3
1674207084.40681934 3.7702384 -20.8459644 0.260508299 4
1674207084.40681934 8.05554676 6.11303854 0.127562001 5
1674207084.40681934 18.2401581 6.05787754 0.198663563 6
1674207084.40681934 -7.6962781 13.0465622 0.275880247 7
1674207084.40681934 14.7248516 -23.3097286 0.221446857 8
1674207084.40681934 -0.970128775 -9.52671623 0.129339889 9
