1674207085.71799374 10.6647491 -6.83982086 0.380635172 0
1674207085.71799374 6.12871122 5.12978983 0.23111394 1
1674207085.71799374 0.523747027 -8.22822857 0.230425566 2
1674207085.71799374 3.62758327 -14.9558792 0.291413695 3
1674207085.71799374 16.0544186 5.84926462 0.185457304 4
1674207085.71799374 5.90456963 6.08630991 0.105277263 5
1674207085.71799374 21.9118252 -18.0121708 0.252936065 6
1674207085.71799374 -3.56498861 -9.30596828 0.0884142369 7
1674207085.71799374 7.23549175 12.0529175 0.18396616 8
1674207085.71799374 22.1607914 3.63528728 0.154707357 9
1674207085.71799374 12.0469732 -23.4191761 0.225944445 10
