1.67421e+09 10.515 4.25547 0.247112
1.67421e+09 11.8416 4.79725 0.267851
1.67421e+09 12.0074 4.86497 0.270443
1.67421e+09 11.8499 4.7961 0.272006
1.67421e+09 11.7155 4.74369 0.265765
1.67421e+09 11.6151 4.70456 0.25947
1.67421e+09 11.5382 4.67567 0.252848
1.67421e+09 5.00484 11.8104 0.279142
1.67421e+09 5.63578 13.293 0.31055
1.67421e+09 5.64651 13.3075 0.308811
1.67421e+09 5.59603 13.176 0.303088
1.67421e+09 5.56088 13.0739 0.298575
1.67421e+09 5.52711 12.987 0.301424
1.67421e+09 5.50015 12.9123 0.298123
1.67421e+09 5.49808 12.9065 0.297869
1.67421e+09 5.48543 12.8619 0.294491
1.67421e+09 11.4103 10.5044 0.294947
1.67421e+09 12.8425 11.8221 0.323981
1.67421e+09 12.8527 11.8273 0.317602
1.67421e+09 12.7268 11.704 0.310016
1.67421e+09 12.5903 11.5799 0.304769
1.67421e+09 12.4818 11.4821 0.300384
1.67421e+09 12.4097 11.413 0.300448
1.67421e+09 12.348 11.3473 0.291522
1.67421e+09 12.3127 11.3014 0.290665
1.67421e+09 1.87381 7.60863 0.178201
1.67421e+09 2.12444 8.58303 0.210121
1.67421e+09 2.12318 8.57892 0.205663
1.67421e+09 2.09725 8.47481 0.198513
1.67421e+09 17.2575 -8.66264 0.293843
1.67421e+09 19.4264 -9.73068 0.325278
1.67421e+09 19.4303 -9.70689 0.317738
1.67421e+09 19.1974 -9.60779 0.308652
1.67421e+09 19.0066 -9.49055 0.298152
1.67421e+09 18.8586 -9.40299 0.295806
1.67421e+09 18.7402 -9.33517 0.293586
1.67421e+09 18.5944 -9.30929 0.294122
1.67421e+09 18.5139 -9.25675 0.289038
1.67421e+09 -9.99682 -9.76539 0.259795
1.67421e+09 -11.2438 -10.9851 0.289586
1.67421e+09 -11.2368 -10.982 0.287856
1.67421e+09 -11.0964 -10.8565 0.284922
1.67421e+09 21.874 -6.76859 0.345799
1.67421e+09 24.6272 -7.59625 0.382907
1.67421e+09 24.9714 -7.6997 0.387545
1.67421e+09 24.6657 -7.57317 0.36628
1.67421e+09 0.238106 6.10128 0.134238
1.67421e+09 0.271147 6.88233 0.163684
1.67421e+09 0.261165 6.88248 0.161799
1.67421e+09 -11.0157 -6.49942 0.245745
1.67421e+09 -12.4173 -7.3267 0.267236
1.67421e+09 5.1291 8.94608 0.13101
1.67421e+09 5.72818 10.0598 0.140851
1.67421e+09 5.70912 10.0612 0.14715
1.67421e+09 5.62509 9.94507 0.140667
1.67421e+09 5.5586 9.85055 0.1428
1.67421e+09 5.48354 9.76582 0.139209
1.67421e+09 20.4831 -17.1813 0.335751
1.67421e+09 23.1057 -19.3078 0.379087
1.67421e+09 23.0603 -19.3173 0.371087
1.67421e+09 22.8565 -19.083 0.362931
1.67421e+09 -7.76105 17.442 0.256801
1.67421e+09 -8.72202 19.5899 0.284979
1.67421e+09 -8.73791 19.6041 0.297564
1.67421e+09 -0.687177 -16.4558 0.254677
