1687940946.96091127 3.20714951 -7.17915869 0.22173351 0
1687940946.96091127 1.35593212 -11.4509287 0.279770344 1
1687940946.96091127 10.4714031 -4.03115988 0.266625196 2
1687940946.96091127 4.23661709 7.97677803 0.209778175 3
1687940946.96091127 12.5209465 2.35817456 0.195295185 4
1687940946.96091127 -1.5732156 -5.25224209 0.192964926 5
1687940946.96091127 -2.78291583 11.2651682 0.241633192 6
1687940946.96091127 -0.471639633 -9.88780212 0.128700584 7
1687940946.96091127 -6.72438812 -12.2531261 0.185594529 8
1687940946.96091127 -4.58652544 -5.27226496 0.0860276222 9
1687940946.96091127 5.74670029 -5.29224396 0.115303829 10
1687940946.96091127 8.3487463 -4.34545231 0.106964327 11
1687940946.96091127 9.20377159 -11.2166824 0.138424009 12
1687940946.96091127 21.2155552 -4.4017601 0.234961778 13
