1687940926.18387127 1.40688515 -5.4751277 0.209981218 0
1687940926.18387127 4.0227952 8.4896059 0.226988479 1
1687940926.18387127 15.057272 -2.91965413 0.245306969 2
1687940926.18387127 6.16419077 -2.72660422 0.204176739 3
1687940926.18387127 5.3604188 -2.32096791 0.127956495 4
1687940926.18387127 5.14916563 2.65461016 0.182489797 5
1687940926.18387127 -1.10405087 8.84913921 0.13412106 6
1687940926.18387127 0.603065848 16.3647308 0.246340573 7
1687940926.18387127 11.8015528 11.3142719 0.158505425 8
1687940926.18387127 10.9265938 -12.1790161 0.165659949 9
1687940926.18387127 -1.1868639 -6.08128309 0.133460775 10
