1.67421e+09 4.25655 7.70062 0.298456
1.67421e+09 4.78911 8.67558 0.331067
1.67421e+09 4.78831 8.69067 0.326669
1.67421e+09 4.73475 8.59601 0.320947
1.67421e+09 4.6852 8.51376 0.313965
1.67421e+09 4.64393 8.44742 0.307831
1.67421e+09 4.60978 8.39515 0.302604
1.67421e+09 4.58072 8.35094 0.297002
1.67421e+09 4.55538 8.31431 0.291499
1.67421e+09 8.33463 -8.48378 0.253153
1.67421e+09 9.37803 -9.54662 0.286198
1.67421e+09 9.40556 -9.53441 0.279395
1.67421e+09 9.33584 -9.41496 0.273982
1.67421e+09 9.28237 -9.30465 0.266503
1.67421e+09 9.18889 -9.20921 0.26997
1.67421e+09 9.15668 -9.13702 0.266295
1.67421e+09 9.12262 -9.07374 0.259342
1.67421e+09 9.41715 -11.6656 0.294329
1.67421e+09 10.6052 -13.1198 0.322249
1.67421e+09 10.6271 -13.1248 0.318965
1.67421e+09 10.5314 -12.9843 0.3119
1.67421e+09 10.454 -12.8534 0.304527
1.67421e+09 10.4469 -12.8415 0.303857
1.67421e+09 10.3772 -12.7508 0.306939
1.67421e+09 10.3714 -12.7433 0.307195
1.67421e+09 -1.90987 -6.39456 0.212795
1.67421e+09 -2.15024 -7.19153 0.234599
1.67421e+09 -2.14949 -7.19081 0.238747
1.67421e+09 -2.12448 -7.1069 0.232559
1.67421e+09 17.6505 -6.28919 0.317395
1.67421e+09 19.8504 -7.06322 0.345455
1.67421e+09 19.8651 -7.0155 0.33672
1.67421e+09 19.6881 -6.88316 0.335057
1.67421e+09 19.5074 -6.78017 0.32743
1.67421e+09 19.3236 -6.75586 0.329685
1.67421e+09 0.523187 11.6778 0.261675
1.67421e+09 0.599135 13.1434 0.293063
1.67421e+09 0.615179 13.1542 0.293186
1.67421e+09 0.624492 13.0168 0.288214
1.67421e+09 -3.03356 8.59613 0.192238
1.67421e+09 -3.4155 9.67239 0.216015
1.67421e+09 -3.41378 9.67638 0.216664
1.67421e+09 -3.37119 9.57193 0.214215
1.67421e+09 -7.1961 -11.9834 0.319843
1.67421e+09 -8.08883 -13.4723 0.355457
1.67421e+09 -8.20043 -13.6584 0.359909
1.67421e+09 -8.21437 -13.6817 0.360466
1.67421e+09 -9.99345 10.8111 0.283062
1.67421e+09 -11.2259 12.1594 0.308953
1.67421e+09 -11.2181 12.1663 0.308983
1.67421e+09 -8.28584 -6.25782 0.210556
1.67421e+09 -9.46953 -7.15179 0.240636
1.67421e+09 -9.4333 -7.13908 0.21968
1.67421e+09 16.5398 2.41307 0.208763
1.67421e+09 18.9026 2.75779 0.238587
1.67421e+09 18.9401 2.73369 0.227767
1.67421e+09 18.7137 2.67282 0.212593
1.67421e+09 18.5045 2.61479 0.198866
1.67421e+09 11.8156 15.4885 0.303071
1.67421e+09 13.5036 17.7012 0.346367
1.67421e+09 1.76314 5.4553 0.103333
1.67421e+09 1.99971 6.09239 0.106685
1.67421e+09 -15.2263 15.1179 0.292027
