1674207976.71295738 9.18404388 -8.73969555 0.306395859 0
1674207976.71295738 13.8443699 -7.02017784 0.331004262 1
1674207976.71295738 3.95641756 10.6329823 0.274686307 2
1674207976.71295738 -5.6905551 7.97780228 0.163219303 3
1674207976.71295738 9.20329857 3.70647526 0.152858332 4
1674207976.71295738 -2.31035781 12.2741461 0.277641326 5
1674207976.71295738 8.45936298 -27.2400074 0.26194793 6
1674207976.71295738 -9.160285 -15.9616594 0.253956169 7
1674207976.71295738 -14.9951859 18.2455788 0.273441017 8
1674207976.71295738 -2.47181439 -23.5651569 0.276599675 9
