1.67421e+09 5.76735 10.5091 0.266076
1.67421e+09 6.5054 11.8348 0.297559
1.67421e+09 6.51395 11.8421 0.294971
1.67421e+09 6.45579 11.7175 0.287531
1.67421e+09 6.40952 11.6084 0.280492
1.67421e+09 6.35718 11.5103 0.27637
1.67421e+09 6.32455 11.4369 0.273977
1.67421e+09 6.28122 11.3636 0.272318
1.67421e+09 11.1702 -8.76758 0.27996
1.67421e+09 12.598 -9.83345 0.322932
1.67421e+09 12.6198 -9.81085 0.326734
1.67421e+09 12.4695 -9.71065 0.320236
1.67421e+09 12.333 -9.61606 0.310608
1.67421e+09 12.232 -9.52457 0.301806
1.67421e+09 12.1516 -9.43822 0.293103
1.67421e+09 12.0857 -9.36505 0.286577
1.67421e+09 -3.79114 7.85422 0.171184
1.67421e+09 -4.26502 8.82924 0.191287
1.67421e+09 -4.26662 8.8318 0.19136
1.67421e+09 -4.21666 8.73369 0.186756
1.67421e+09 -4.17476 8.6371 0.181927
1.67421e+09 -4.14224 8.55535 0.182256
1.67421e+09 14.4542 -17.2238 0.346853
1.67421e+09 16.2896 -19.3633 0.380044
1.67421e+09 16.2384 -19.3813 0.373161
1.67421e+09 -8.71765 4.62423 0.204225
1.67421e+09 -9.96303 5.28484 0.2334
1.67421e+09 6.88271 5.18235 0.146697
1.67421e+09 7.86595 5.92268 0.167654
1.67421e+09 7.87923 5.91669 0.155556
1.67421e+09 10.5981 -27.3102 0.261864
1.67421e+09 12.1121 -31.2117 0.299273
1.67421e+09 -6.95839 -16.0891 0.223131
1.67421e+09 -7.83572 -18.1009 0.25915
1.67421e+09 -5.43533 6.36626 0.162247
1.67421e+09 -0.476601 9.10513 0.0941231
1.67421e+09 -0.517724 10.2546 0.105824
1.67421e+09 -0.520329 10.2851 0.129789
1.67421e+09 -0.44538 12.0975 0.23507
