1687940910.34890079 7.62044477 4.73156691 0.204565734 0
1687940910.34890079 5.70298576 -4.91911364 0.126048595 1
1687940910.34890079 -4.46739721 -6.69862175 0.175598845 2
1687940910.34890079 -4.06266451 5.44727612 0.15984267 3
1687940910.34890079 9.65619469 9.61048412 0.255777657 4
1687940910.34890079 11.5577297 -5.31286478 0.254391193 5
1687940910.34890079 5.14643097 2.13939762 0.132288426 6
1687940910.34890079 17.7261829 -4.40724611 0.252932906 7
1687940910.34890079 6.55340147 6.19014978 0.0963719785 8
1687940910.34890079 2.57840681 10.3645496 0.140304565 9
1687940910.34890079 -2.2761693 -15.7490444 0.144433245 10
1687940910.34890079 -2.15105605 24.7162151 0.297546536 11
