1687940926.78900433 5.75766516 2.7589488 0.13244915 0
1687940926.78900433 2.25097442 -5.44382811 0.206502765 1
1687940926.78900433 4.72954893 8.56000423 0.215291858 2
1687940926.78900433 11.7589722 6.08735609 0.118143708 3
1687940926.78900433 6.98748875 -2.5944171 0.152086914 4
1687940926.78900433 15.7582979 -2.68040609 0.241116926 5
1687940926.78900433 -0.407972157 8.8437252 0.107987456 6
1687940926.78900433 6.086411 -2.21231842 0.0952280834 7
1687940926.78900433 1.22222292 16.3948059 0.23475571 8
1687940926.78900433 -3.94823647 5.39517689 0.176883698 9
1687940926.78900433 1.05590665 -7.95738983 0.113813579 10
