1674207954.01951122 5.09349585 -7.35155249 0.299362987 0
1674207954.01951122 -6.13489199 4.73690987 0.302749068 1
1674207954.01951122 -8.95885754 -4.98517084 0.28618744 2
1674207954.01951122 21.498148 -10.184145 0.326225936 3
1674207954.01951122 6.32694054 6.83930016 0.153398767 4
1674207954.01951122 2.6463654 -8.25569153 0.126105845 5
1674207954.01951122 15.4031191 5.60749578 0.226596236 6
1674207954.01951122 20.8253136 6.2344408 0.305266649 7
1674207954.01951122 7.2054677 16.5021172 0.245586678 8
1674207954.01951122 -10.7388678 -9.98084736 0.201635525 9
1674207954.01951122 20.4665241 11.6455269 0.210022748 10
1674207954.01951122 0.568154812 -8.55393696 0.136561573 11
1674207954.01951122 -9.75019741 16.3613663 0.2236076 12
1674207954.01951122 0.332731813 6.90689373 0.0709997043 13
1674207954.01951122 8.40712261 -14.8046961 0.243590176 14
1674207954.01951122 4.9488616 -16.9162884 0.15698944 15
1674207954.01951122 16.0758762 22.7787437 0.234653413 16
