1687940926.68814135 2.03582811 -5.46000862 0.198551387 0
1687940926.68814135 5.64541674 2.76638937 0.19480896 1
1687940926.68814135 4.62672281 8.56724453 0.221948683 2
1687940926.68814135 6.85492611 -2.57474256 0.18965292 3
1687940926.68814135 -4.6905117 -12.0308676 0.266510427 4
1687940926.68814135 15.7005844 -2.71784592 0.24398008 5
1687940926.68814135 6.02764177 -2.22676539 0.161999822 6
1687940926.68814135 -0.559606373 8.85146809 0.106037855 7
1687940926.68814135 1.15021086 16.4090347 0.235214606 8
1687940926.68814135 12.7808905 -3.12347364 0.155847788 9
1687940926.68814135 -0.520015776 -6.09964037 0.078071855 10
1687940926.68814135 0.898357689 -7.97343302 0.0958876833 11
