1.67421e+09 -5.52254 -7.16402 0.223833
1.67421e+09 -6.24792 -8.07255 0.248624
1.67421e+09 -6.27448 -8.08244 0.245799
1.67421e+09 -6.21913 -7.99623 0.239819
1.67421e+09 -6.16616 -7.91814 0.237111
1.67421e+09 -6.11837 -7.85174 0.234571
1.67421e+09 -6.06013 -7.7903 0.23673
1.67421e+09 15.4458 4.77717 0.284318
1.67421e+09 17.3625 5.36278 0.316004
1.67421e+09 17.6021 5.43599 0.319965
1.67421e+09 17.6321 5.44514 0.32046
1.67421e+09 17.4227 5.37386 0.311696
1.67421e+09 17.2485 5.31242 0.296551
1.67421e+09 5.21792 -16.5576 0.275106
1.67421e+09 5.92711 -18.608 0.297654
1.67421e+09 5.98264 -18.585 0.284049
1.67421e+09 5.92261 -18.3789 0.280181
1.67421e+09 5.8904 -18.1827 0.272161
1.67421e+09 -4.26074 -10.3182 0.247763
1.67421e+09 -4.78843 -11.6117 0.282292
1.67421e+09 -4.77623 -11.6147 0.281926
1.67421e+09 -4.77487 -11.6151 0.281885
1.67421e+09 6.5791 7.57527 0.170674
1.67421e+09 7.51897 8.65745 0.195056
1.67421e+09 7.52842 8.66723 0.200823
1.67421e+09 7.43667 8.56434 0.206464
1.67421e+09 7.34059 8.45279 0.198593
1.67421e+09 7.33098 8.44164 0.197806
1.67421e+09 4.96212 6.03391 0.150308
1.67421e+09 5.67099 6.89589 0.17178
1.67421e+09 5.69081 6.91634 0.184607
1.67421e+09 5.63208 6.80993 0.16979
1.67421e+09 -10.6309 8.88005 0.269861
1.67421e+09 -11.9551 9.99554 0.296433
1.67421e+09 27.7292 -5.66223 0.325613
1.67421e+09 31.2313 -6.35661 0.356393
1.67421e+09 31.2435 -6.34926 0.345528
1.67421e+09 23.2865 -7.72189 0.29223
1.67421e+09 26.6131 -8.82502 0.333977
1.67421e+09 26.6536 -8.83801 0.340314
1.67421e+09 16.0271 11.0355 0.274872
1.67421e+09 18.0418 12.4165 0.306785
1.67421e+09 18.0426 12.4149 0.302339
1.67421e+09 17.8686 12.2777 0.294373
1.67421e+09 9.64067 12.0931 0.25735
1.67421e+09 10.8653 13.6235 0.286202
1.67421e+09 10.8399 13.618 0.288084
1.67421e+09 10.7366 13.4921 0.281063
1.67421e+09 10.623 13.3495 0.283015
1.67421e+09 9.86726 9.17482 0.132786
1.67421e+09 11.1378 10.3302 0.155657
1.67421e+09 6.7015 -16.0226 0.175154
1.67421e+09 -0.64878 -19.9729 0.188655
