1.67421e+09 12.7931 4.64891 0.284783
1.67421e+09 14.3848 5.2281 0.316228
1.67421e+09 14.4102 5.23805 0.310312
1.67421e+09 14.2746 5.18876 0.299854
1.67421e+09 14.1395 5.14239 0.29408
1.67421e+09 14.1272 5.13818 0.293556
1.67421e+09 14.1261 5.1378 0.293508
1.67421e+09 14.0259 5.10179 0.285089
1.67421e+09 13.9503 5.07483 0.275614
1.67421e+09 4.00326 7.70996 0.218838
1.67421e+09 4.49408 8.65442 0.236911
1.67421e+09 4.48876 8.64392 0.231064
1.67421e+09 4.43828 8.54072 0.220197
1.67421e+09 4.39386 8.4534 0.222698
1.67421e+09 4.35784 8.3794 0.221259
1.67421e+09 4.3397 8.32813 0.218598
1.67421e+09 4.31218 8.27636 0.214211
1.67421e+09 4.3072 8.22765 0.203784
1.67421e+09 -7.25502 -10.0876 0.269727
1.67421e+09 -8.14154 -11.3413 0.29912
1.67421e+09 -8.14178 -11.3381 0.294647
1.67421e+09 -8.04253 -11.2079 0.287543
1.67421e+09 -7.97025 -11.0748 0.274218
1.67421e+09 -7.91815 -10.9781 0.270252
1.67421e+09 -7.84692 -10.8938 0.261752
1.67421e+09 2.35637 6.05131 0.173925
1.67421e+09 2.66341 6.7791 0.202524
1.67421e+09 2.63049 6.77535 0.188088
1.67421e+09 2.60596 6.70753 0.175115
1.67421e+09 2.57505 6.6272 0.174891
1.67421e+09 2.52357 6.59348 0.188015
1.67421e+09 2.5095 6.55368 0.195518
1.67421e+09 -8.43065 -6.89747 0.250407
1.67421e+09 -9.47448 -7.75035 0.275363
1.67421e+09 -9.49487 -7.75998 0.268114
1.67421e+09 -9.40529 -7.67974 0.259932
1.67421e+09 -9.33631 -7.61607 0.25309
1.67421e+09 7.04908 12.0596 0.266981
1.67421e+09 7.92549 13.5556 0.297577
1.67421e+09 7.94153 13.58 0.299589
1.67421e+09 7.87141 13.457 0.296975
1.67421e+09 7.77781 13.3116 0.296931
1.67421e+09 7.70135 13.1858 0.293043
1.67421e+09 7.66212 13.111 0.28539
1.67421e+09 13.4387 10.8971 0.28279
1.67421e+09 15.122 12.2611 0.312609
1.67421e+09 15.1326 12.2662 0.308184
1.67421e+09 14.9848 12.1374 0.300188
1.67421e+09 14.8582 12.0231 0.294575
1.67421e+09 14.7456 11.9285 0.294135
1.67421e+09 14.6716 11.8538 0.29116
1.67421e+09 24.4916 -6.10412 0.339318
1.67421e+09 27.5837 -6.83218 0.378279
1.67421e+09 27.5674 -6.78928 0.365492
1.67421e+09 20.0727 -7.94904 0.30284
1.67421e+09 22.5889 -8.9463 0.331708
1.67421e+09 22.545 -8.9702 0.323651
1.67421e+09 22.2608 -8.8842 0.311443
1.67421e+09 22.2324 -8.87559 0.310222
1.67421e+09 22.2296 -8.87473 0.3101
1.67421e+09 -13.2379 9.30365 0.265628
1.67421e+09 7.11845 9.11136 0.111406
1.67421e+09 8.00007 10.2599 0.135485
1.67421e+09 8.01974 10.2657 0.135217
1.67421e+09 7.95653 10.1528 0.128512
1.67421e+09 1.87688 6.41431 0.13265
