1687940942.42223263 6.3379035 3.81655693 0.173392579 0
1687940942.42223263 -2.19227958 8.7335825 0.182211056 1
1687940942.42223263 0.915414035 5.87142038 0.0891569853 2
1687940942.42223263 10.7817965 -4.48251724 0.178401694 3
1687940942.42223263 7.31290245 -5.47488451 0.197196409 4
1687940942.42223263 15.4065018 -2.30401516 0.188754737 5
1687940942.42223263 -2.15381432 -6.4434042 0.207643494 6
1687940942.42223263 -1.07322574 -7.68265057 0.118284248 7
1687940942.42223263 4.30020332 -9.99273205 0.137344509 8
1687940942.42223263 -5.49656677 -9.42919064 0.120320275 9
1687940942.42223263 10.4070187 4.26172352 0.129085541 10
1687940942.42223263 -11.6135941 -12.2530146 0.153465346 11
