1.67421e+09 9.0071 4.09639 0.301907
1.67421e+09 10.1231 4.61088 0.335966
1.67421e+09 10.1079 4.62209 0.333979
1.67421e+09 9.98485 4.57385 0.32701
1.67421e+09 -1.14661 -7.94959 0.325442
1.67421e+09 -1.28572 -8.93612 0.36443
1.67421e+09 -1.29097 -8.94209 0.359831
1.67421e+09 4.73277 -6.07841 0.239536
1.67421e+09 5.32901 -6.82475 0.256728
1.67421e+09 10.2557 10.2317 0.23797
1.67421e+09 11.5141 11.5312 0.26447
1.67421e+09 11.4944 11.5454 0.262257
1.67421e+09 11.3474 11.423 0.251926
1.67421e+09 11.2183 11.2993 0.237233
1.67421e+09 7.58816 11.3375 0.18204
1.67421e+09 8.53694 12.7745 0.210718
1.67421e+09 8.52854 12.7755 0.201112
1.67421e+09 8.42904 12.6382 0.194744
1.67421e+09 21.87 -9.30641 0.243662
1.67421e+09 24.6358 -10.4061 0.262993
1.67421e+09 15.781 5.76815 0.200409
1.67421e+09 17.7442 6.49145 0.224042
