1687940910.44976568 7.7809968 4.69240761 0.213898927 0
1687940910.44976568 5.76747322 -4.88316822 0.166872993 1
1687940910.44976568 5.2205348 2.08623624 0.144655913 2
1687940910.44976568 -4.32957935 -6.70918894 0.160849988 3
1687940910.44976568 -3.90506268 5.38764048 0.119762965 4
1687940910.44976568 1.38750672 -8.70375252 0.122614928 5
1687940910.44976568 9.80970955 9.53908634 0.239560723 6
1687940910.44976568 6.59561253 6.18794537 0.144113526 7
1687940910.44976568 2.71497822 10.3205023 0.104679853 8
1687940910.44976568 -2.29898548 -15.755249 0.156751245 9
1687940910.44976568 17.8474693 -4.49929285 0.275355935 10
1687940910.44976568 13.3347044 7.40790319 0.22522442 11
