1.67421e+09 6.79313 -5.0415 0.298883
1.67421e+09 5.21427 3.67522 0.215773
1.67421e+09 -2.28108 -7.43177 0.245938
1.67421e+09 -7.3742 8.59227 0.292651
1.67421e+09 -1.05376 -10.6409 0.267734
1.67421e+09 19.2109 4.38136 0.267532
1.67421e+09 8.42532 -16.8486 0.247958
1.67421e+09 -0.205402 16.6779 0.305242
1.67421e+09 12.8751 11.7633 0.239356
1.67421e+09 19.3464 10.6573 0.255947
1.67421e+09 30.8067 -6.16524 0.292297
1.67421e+09 15.8367 -24.0062 0.28609
1.67421e+09 -11.3177 12.3676 0.263067
1.67421e+09 -4.48619 22.8804 0.287108
1.67421e+09 26.4078 -8.1568 0.26913
