1.67421e+09 0.648154 -6.66046 0.26508
1.67421e+09 0.733315 -7.4763 0.291271
1.67421e+09 0.740082 -7.45855 0.281614
1.67421e+09 0.724204 -7.37779 0.27329
1.67421e+09 8.39737 -5.25605 0.359125
1.67421e+09 9.597 -6.00691 0.410429
1.67421e+09 9.62859 -6.06342 0.410853
1.67421e+09 9.51825 -5.98128 0.384673
1.67421e+09 9.3807 -5.91688 0.375455
1.67421e+09 6.06136 8.11124 0.203487
1.67421e+09 6.82382 9.13522 0.227505
1.67421e+09 6.83328 9.15248 0.225456
1.67421e+09 6.76614 9.0648 0.221029
1.67421e+09 6.71301 8.9896 0.217545
1.67421e+09 6.66003 8.9216 0.214465
1.67421e+09 6.62195 8.86816 0.211784
1.67421e+09 6.58659 8.82015 0.20833
1.67421e+09 6.55831 8.78222 0.206322
1.67421e+09 6.53853 8.75052 0.203793
1.67421e+09 -7.81696 -6.58685 0.337869
1.67421e+09 -8.76841 -7.39252 0.37765
1.67421e+09 -8.7374 -7.37114 0.37311
1.67421e+09 -8.62467 -7.2706 0.373565
1.67421e+09 -8.51688 -7.16604 0.361991
1.67421e+09 -0.766737 10.5164 0.271601
1.67421e+09 9.204 11.2763 0.283078
1.67421e+09 10.3785 12.7102 0.315499
1.67421e+09 10.402 12.7354 0.312738
1.67421e+09 10.2971 12.6044 0.306192
1.67421e+09 10.2103 12.4951 0.300597
1.67421e+09 10.141 12.4071 0.295117
1.67421e+09 1.62287 -12.265 0.273761
1.67421e+09 1.81422 -13.8071 0.306448
1.67421e+09 1.8331 -13.7737 0.287513
1.67421e+09 1.83227 -13.6009 0.271504
1.67421e+09 1.81381 -13.4148 0.271649
1.67421e+09 1.81214 -13.3979 0.271663
1.67421e+09 1.81198 -13.3963 0.271664
1.67421e+09 -4.74646 9.9309 0.149771
1.67421e+09 -5.37548 11.1609 0.166533
1.67421e+09 -5.40529 11.1528 0.167883
1.67421e+09 -5.37625 11.038 0.188584
1.67421e+09 -5.33761 10.9184 0.185332
1.67421e+09 -5.3341 10.9075 0.185036
1.67421e+09 7.00356 -6.66593 0.158276
1.67421e+09 7.91061 -7.49038 0.194095
1.67421e+09 -6.08632 14.7397 0.283771
1.67421e+09 -6.83494 16.5891 0.314091
1.67421e+09 -6.82293 16.5974 0.308278
1.67421e+09 4.97214 -12.5544 0.179268
1.67421e+09 12.9687 7.22516 0.263708
1.67421e+09 14.594 8.16706 0.297789
1.67421e+09 14.5956 8.18723 0.288795
1.67421e+09 -14.9274 -10.9216 0.307333
1.67421e+09 17.1 -8.92333 0.2532
1.67421e+09 19.2878 -10.0038 0.276638
1.67421e+09 19.3425 -9.96862 0.27239
1.67421e+09 -13.1403 15.0186 0.265754
1.67421e+09 -14.7661 16.9149 0.29783
