1687940912.76952672 5.94059849 -4.41309595 0.230418012 0
1687940912.76952672 -1.43698263 -6.65506268 0.160222992 1
1687940912.76952672 -5.10040808 5.65636015 0.223190203 2
1687940912.76952672 11.2494278 4.16086817 0.203095511 3
1687940912.76952672 5.27228832 4.04858589 0.171898663 4
1687940912.76952672 -0.469764233 5.30245066 0.128899634 5
1687940912.76952672 8.74958611 -5.27284479 0.14185077 6
1687940912.76952672 8.4100275 1.70135617 0.102109715 7
1687940912.76952672 13.3633003 8.98139763 0.272781014 8
1687940912.76952672 11.3985386 3.04580975 0.135309532 9
1687940912.76952672 4.35751343 -8.9560976 0.130285844 10
1687940912.76952672 6.26868773 10.0312166 0.126063585 11
