1.67421e+09 5.67036 5.63874 0.316365
1.67421e+09 6.37008 6.33163 0.350983
1.67421e+09 6.3676 6.33337 0.3484
1.67421e+09 6.30414 6.27155 0.347199
1.67421e+09 6.29779 6.26537 0.347079
1.67421e+09 6.23317 6.20048 0.339658
1.67421e+09 6.18674 6.15502 0.336767
1.67421e+09 6.14482 6.12212 0.33028
1.67421e+09 6.11377 6.09854 0.328743
1.67421e+09 6.08979 6.07939 0.328581
1.67421e+09 4.9237 -10.6128 0.342874
1.67421e+09 5.54456 -11.9635 0.382717
1.67421e+09 5.54578 -11.9603 0.371777
1.67421e+09 5.48358 -11.8428 0.365338
1.67421e+09 5.42848 -11.7333 0.356808
1.67421e+09 5.42347 -11.7234 0.356032
1.67421e+09 0.19437 5.52786 0.178388
1.67421e+09 0.224689 6.22011 0.197519
1.67421e+09 0.231499 6.22475 0.195563
1.67421e+09 0.232255 6.22526 0.195346
1.67421e+09 5.56108 11.0712 0.238541
1.67421e+09 6.26977 12.4635 0.264159
1.67421e+09 6.28473 12.4724 0.260863
1.67421e+09 6.23034 12.3422 0.254933
1.67421e+09 6.18603 12.2306 0.253577
1.67421e+09 6.15277 12.137 0.248713
1.67421e+09 6.11952 12.0616 0.2489
1.67421e+09 6.09829 11.9953 0.243466
1.67421e+09 12.6482 -11.9373 0.288505
1.67421e+09 14.2695 -13.4366 0.319364
1.67421e+09 14.299 -13.446 0.314707
1.67421e+09 14.1753 -13.3014 0.30285
1.67421e+09 14.0684 -13.1715 0.295731
1.67421e+09 14.0586 -13.1597 0.295084
1.67421e+09 13.9719 -13.0639 0.292719
1.67421e+09 13.9039 -12.9736 0.287537
1.67421e+09 13.8553 -12.9005 0.287625
1.67421e+09 20.1113 5.92856 0.266365
1.67421e+09 22.6383 6.67119 0.291702
1.67421e+09 22.6549 6.68048 0.286434
1.67421e+09 22.6567 6.68151 0.285848
1.67421e+09 22.4357 6.62325 0.276161
1.67421e+09 22.1909 6.54847 0.271867
1.67421e+09 22.0248 6.50432 0.267516
1.67421e+09 21.8724 6.46495 0.261124
1.67421e+09 -0.234538 5.51567 0.183268
1.67421e+09 -0.25635 6.20927 0.202491
1.67421e+09 -0.244467 6.2164 0.202458
1.67421e+09 -0.228013 6.15908 0.205332
1.67421e+09 24.2871 -7.0031 0.298784
1.67421e+09 27.3683 -7.83932 0.316228
1.67421e+09 -7.50672 17.1108 0.255822
1.67421e+09 -8.43472 19.2476 0.283152
1.67421e+09 -8.42581 19.2514 0.282997
1.67421e+09 -8.45887 -14.2281 0.177503
1.67421e+09 15.5575 -20.6654 0.245499
1.67421e+09 17.5312 -23.2348 0.280825
1.67421e+09 17.5733 -23.2208 0.277881
1.67421e+09 17.4313 -22.9387 0.271004
1.67421e+09 17.3046 -22.6794 0.264706
1.67421e+09 2.10438 22.6589 0.254721
1.67421e+09 2.4007 25.499 0.283121
1.67421e+09 2.42549 25.4997 0.276828
1.67421e+09 2.42536 25.2208 0.266581
1.67421e+09 -9.1531 7.55239 0.206575
1.67421e+09 -10.2728 8.49106 0.222874
1.67421e+09 10.0328 23.3067 0.237984
1.67421e+09 11.276 26.2146 0.277926
1.67421e+09 -4.45424 -24.0905 0.269834
