1674207948.97656536 10.5017157 3.79109859 0.225993961 0
1674207948.97656536 3.04181361 -8.37628841 0.331894249 1
1674207948.97656536 8.07683754 -5.93843699 0.29666391 2
1674207948.97656536 -8.51865959 -7.67436504 0.244317457 3
1674207948.97656536 3.60595155 11.8842793 0.269131243 4
1674207948.97656536 6.46647215 -10.9424744 0.179596737 5
1674207948.97656536 18.3001595 4.2872467 0.238176644 6
1674207948.97656536 0.577054024 -8.3734169 0.203695565 7
1674207948.97656536 2.28569198 5.40147257 0.136681452 8
1674207948.97656536 -7.83028841 7.37155485 0.199226066 9
1674207948.97656536 -3.64706874 12.3605709 0.261382222 10
1674207948.97656536 -3.17879391 -11.5707035 0.152195841 11
1674207948.97656536 -6.60781574 -17.2235165 0.200711221 12
1674207948.97656536 8.70987129 -18.9206486 0.220230192 13
1674207948.97656536 23.5997505 15.8699474 0.262486428 14
1674207948.97656536 -17.4483356 -8.46052647 0.210770473 15
