1687940939.59816504 3.50267029 -6.2761631 0.267341673 0
1687940939.59816504 6.9895153 -5.48544455 0.187502012 1
1687940939.59816504 1.01603818 -6.01308203 0.232634172 2
1687940939.59816504 -4.83526468 8.67408085 0.191443667 3
1687940939.59816504 11.741456 -3.6828866 0.197186247 4
1687940939.59816504 -1.94751096 5.58619785 0.0824599266 5
1687940939.59816504 7.55605936 3.15036869 0.137956321 6
1687940939.59816504 8.41923428 11.3567705 0.236831054 7
1687940939.59816504 0.127202258 -10.5279865 0.143050283 8
1687940939.59816504 -1.03363347 9.51513958 0.141132116 9
1687940939.59816504 15.5275555 3.71011281 0.232452378 10
1687940939.59816504 -4.45084429 -9.33603287 0.16333586 11
1687940939.59816504 10.3488512 -12.4561996 0.217870474 12
1687940939.59816504 -11.6836567 11.9431448 0.218679175 13
1687940939.59816504 -4.96000576 -7.77209759 0.0906158015 14
