1674207964.50896835 6.91210413 -7.38069677 0.309208483 0
1674207964.50896835 2.36279607 8.85446072 0.304035455 1
1674207964.50896835 -0.173650905 -12.2239504 0.358978003 2
1674207964.50896835 -6.57872248 6.99455118 0.283827394 3
1674207964.50896835 13.7397861 9.36407661 0.305022866 4
1674207964.50896835 9.62573624 8.70787716 0.193652779 5
1674207964.50896835 7.6680932 -18.9238033 0.298965752 6
1674207964.50896835 -6.7455163 12.2429771 0.283181369 7
1674207964.50896835 1.38671052 13.7965641 0.255683959 8
1674207964.50896835 8.47900295 13.5682936 0.254460305 9
1674207964.50896835 15.3013048 -7.60600758 0.224880889 10
1674207964.50896835 20.7190781 7.12206459 0.200351939 11
1674207964.50896835 6.04358768 -18.296423 0.193336099 12
1674207964.50896835 24.0812206 10.3465261 0.262520999 13
1674207964.50896835 -5.56113958 21.8400421 0.272160232 14
1674207964.50896835 27.6157894 6.4451108 0.256982297 15
