1687940946.55749035 2.85608006 -6.99256754 0.246834502 0
1687940946.55749035 1.03537452 -11.2798853 0.282796115 1
1687940946.55749035 9.98560524 -3.65506983 0.266066015 2
1687940946.55749035 3.50244951 8.24834251 0.220858365 3
1687940946.55749035 11.8365612 2.80241656 0.179858387 4
1687940946.55749035 -0.758899629 -9.76949692 0.116138287 5
1687940946.55749035 7.738554 -3.96309114 0.105435438 6
1687940946.55749035 -1.89337671 -5.16834354 0.200811535 7
1687940946.55749035 20.6115265 -3.77274275 0.212525353 8
1687940946.55749035 -4.95824003 -5.27071905 0.0913435221 9
1687940946.55749035 -4.60034037 -6.99251556 0.114983581 10
1687940946.55749035 8.90015697 -10.8693113 0.145345688 11
