1674207960.57540965 -3.70435786 6.03296185 0.315157533 0
1674207960.57540965 19.5837936 7.92182875 0.290032685 1
1674207960.57540965 10.7203722 6.04440355 0.279490799 2
1674207960.57540965 6.51437807 8.22121716 0.227913871 3
1674207960.57540965 3.34631133 -11.6687508 0.218415797 4
1674207960.57540965 14.9592791 -7.10894442 0.259595811 5
1674207960.57540965 10.5669756 11.2575197 0.25564906 6
1674207960.57540965 -3.61910129 11.5168867 0.248574406 7
1674207960.57540965 -9.19546413 5.96852207 0.205321461 8
1674207960.57540965 18.7780914 12.9339914 0.242375866 9
1674207960.57540965 24.7730141 -8.16792774 0.241461441 10
1674207960.57540965 -17.912693 -13.666502 0.199882388 11
