1687940942.32139349 6.25866652 3.73220062 0.191000596 0
1687940942.32139349 -2.25858974 8.7349472 0.185518622 1
1687940942.32139349 0.830423951 5.84727287 0.0989093408 2
1687940942.32139349 10.6477213 -4.57559061 0.192081437 3
1687940942.32139349 7.13193512 -5.54916334 0.186866656 4
1687940942.32139349 15.3386145 -2.40316653 0.187754169 5
1687940942.32139349 -1.2236402 -7.75012636 0.154266298 6
1687940942.32139349 -0.758619249 -9.24539852 0.159272969 7
1687940942.32139349 10.7450647 12.3105268 0.228898033 8
1687940942.32139349 10.4015265 4.14669847 0.15582861 9
1687940942.32139349 4.39216471 -10.1766243 0.134916663 10
1687940942.32139349 -5.67324924 -9.43346119 0.141596779 11
1687940942.32139349 -11.8220673 -12.2176561 0.175689831 12
