1.67421e+09 -1.29203 6.68023 0.289059
1.67421e+09 -1.44918 7.50695 0.32171
1.67421e+09 -1.4447 7.49758 0.31724
1.67421e+09 -1.42471 7.40513 0.309822
1.67421e+09 7.61013 8.63427 0.328342
1.67421e+09 8.54979 9.71167 0.363181
1.67421e+09 8.53961 9.71031 0.357023
1.67421e+09 8.42834 9.58858 0.347959
1.67421e+09 8.3305 9.48736 0.341738
1.67421e+09 8.24135 9.39714 0.333251
1.67421e+09 8.19158 9.32607 0.329553
1.67421e+09 8.18776 9.32061 0.329268
1.67421e+09 -5.38664 8.78621 0.223791
1.67421e+09 -6.056 9.86655 0.251572
1.67421e+09 -6.04748 9.86466 0.236855
1.67421e+09 6.62819 13.4522 0.249698
1.67421e+09 7.46001 15.1313 0.278278
1.67421e+09 7.46265 15.1346 0.278115
1.67421e+09 7.39263 14.967 0.274547
1.67421e+09 7.32475 14.812 0.269352
1.67421e+09 7.27437 14.6866 0.266805
1.67421e+09 -8.92469 -11.0657 0.248737
1.67421e+09 -10.0388 -12.4546 0.278551
1.67421e+09 -10.0072 -12.4698 0.273422
1.67421e+09 -9.86361 -12.3485 0.266564
1.67421e+09 -9.73618 -12.193 0.270821
1.67421e+09 -9.62934 -12.101 0.267478
1.67421e+09 -9.57597 -11.9905 0.262773
1.67421e+09 -1.42009 11.8855 0.27529
1.67421e+09 -1.60609 13.3725 0.305563
1.67421e+09 -1.60377 13.3703 0.305682
1.67421e+09 -1.60639 13.2324 0.304891
1.67421e+09 15.0875 8.52073 0.21978
1.67421e+09 16.9659 9.57644 0.234968
1.67421e+09 16.9407 9.57286 0.227263
1.67421e+09 16.7383 9.4627 0.219069
1.67421e+09 16.5486 9.35587 0.206898
1.67421e+09 16.3878 9.2732 0.202241
1.67421e+09 19.0597 9.09572 0.320465
1.67421e+09 21.448 10.2325 0.352023
1.67421e+09 21.4381 10.2108 0.337036
1.67421e+09 21.437 10.2084 0.335371
1.67421e+09 21.4368 10.2081 0.335186
1.67421e+09 21.4368 10.2081 0.335166
1.67421e+09 13.076 -19.2348 0.318421
1.67421e+09 14.6621 -21.6234 0.351059
1.67421e+09 14.6885 -21.6271 0.349556
1.67421e+09 14.5642 -21.3868 0.345381
1.67421e+09 14.4626 -21.1635 0.341438
1.67421e+09 14.3384 -20.9776 0.332142
1.67421e+09 14.2661 -20.8195 0.320186
1.67421e+09 13.7391 13.2808 0.27067
1.67421e+09 15.4721 14.9418 0.306462
1.67421e+09 15.47 14.9427 0.304552
1.67421e+09 15.3092 14.7742 0.298626
1.67421e+09 15.1663 14.6238 0.293051
1.67421e+09 15.0568 14.5132 0.301204
1.67421e+09 -0.182017 -10.784 0.18401
1.67421e+09 -0.194995 -12.1312 0.195936
1.67421e+09 32.8957 6.21722 0.250709
1.67421e+09 3.73739 -12.9692 0.171618
