1687940925.67955303 0.600714743 -5.64075804 0.205207959 0
1687940925.67955303 3.59818792 8.26503086 0.21206148 1
1687940925.67955303 14.2773857 -3.47405171 0.237183094 2
1687940925.67955303 -6.45893526 -11.9843779 0.274394631 3
1687940925.67955303 5.29628658 -2.95662355 0.17380172 4
1687940925.67955303 0.445216656 16.1683369 0.232538134 5
1687940925.67955303 -1.54297781 8.77568436 0.129061922 6
1687940925.67955303 9.76318741 -12.7096109 0.198275194 7
1687940925.67955303 1.94071949 -9.49768925 0.126337171 8
1687940925.67955303 11.3683195 -3.74856687 0.106462955 9
