1687940922.55484915 -2.89676929 -5.64808989 0.215027228 0
1687940922.55484915 -0.289480895 8.32139206 0.235447273 1
1687940922.55484915 10.6875372 -3.14579129 0.260500848 2
1687940922.55484915 6.69590425 5.85181141 0.21770817 3
1687940922.55484915 -6.12232113 4.61613798 0.25829944 4
1687940922.55484915 7.67753553 -3.491781 0.13752149 5
1687940922.55484915 -3.56282568 16.2764549 0.220897987 6
1687940922.55484915 6.43354321 -12.4587212 0.183797672 7
1687940922.55484915 -5.34550142 8.72829819 0.129983425 8
1687940922.55484915 7.86836147 11.1495113 0.217259616 9
1687940922.55484915 10.7202492 -6.31613827 0.150616273 10
1687940922.55484915 -1.43465817 -9.53378391 0.113719873 11
1687940922.55484915 11.3448658 5.79063272 0.203383118 12
