1674207950.99379086 -3.79486179 -8.06060791 0.324249029 0
1674207950.99379086 11.1949797 4.52576351 0.245518357 1
1674207950.99379086 15.3626871 -7.74522638 0.290133268 2
1674207950.99379086 -6.24986887 -8.11517811 0.149778053 3
1674207950.99379086 -3.04091668 12.1544304 0.250111997 4
1674207950.99379086 10.73592 -8.98687458 0.157235667 5
1674207950.99379086 -0.306898147 -10.6466055 0.162840977 6
1674207950.99379086 -10.0725183 -11.1798697 0.18396014 7
1674207950.99379086 13.0190582 -8.63528538 0.180524468 8
1674207950.99379086 -0.00294772326 15.6705675 0.254713982 9
1674207950.99379086 3.16702986 -9.2987051 0.121798635 10
1674207950.99379086 15.7867174 -17.4010448 0.166598827 11
1674207950.99379086 16.9855156 16.0046597 0.24192214 12
1674207950.99379086 10.1483335 6.2824893 0.0810193792 13
1674207950.99379086 16.7809715 22.7065411 0.316949815 14
1674207950.99379086 6.04856014 23.8696613 0.232233554 15
