1687940942.92653441 5.44651222 -2.65474224 0.251389891 0
1687940942.92653441 6.95432854 3.91204667 0.174769759 1
1687940942.92653441 1.45244539 5.93716621 0.096948579 2
1687940942.92653441 11.4600983 -4.34074306 0.178405523 3
1687940942.92653441 16.0511189 -2.09570479 0.196997002 4
1687940942.92653441 -4.83399391 -9.4628458 0.109407812 5
1687940942.92653441 7.86847782 -5.35496759 0.172506198 6
1687940942.92653441 1.98065042 9.91242599 0.131691113 7
1687940942.92653441 -8.92356014 11.3982916 0.244170934 8
1687940942.92653441 -10.7855978 -12.4571037 0.175868511 9
