1.67421e+09 7.79037 4.74406 0.265537
1.67421e+09 8.77232 5.33497 0.297789
1.67421e+09 8.7859 5.33195 0.295024
1.67421e+09 8.70319 5.26948 0.290003
1.67421e+09 8.6258 5.21076 0.284945
1.67421e+09 8.56339 5.16166 0.280611
1.67421e+09 8.51585 5.12206 0.278115
1.67421e+09 8.47449 5.08592 0.273791
1.67421e+09 8.44173 5.05544 0.270254
1.67421e+09 8.41546 5.02861 0.267112
1.67421e+09 -7.27212 -7.81616 0.335309
1.67421e+09 -8.1659 -8.79632 0.378478
1.67421e+09 -8.14068 -8.79042 0.374853
1.67421e+09 -8.02802 -8.69388 0.3689
1.67421e+09 -7.94931 -8.60627 0.362177
1.67421e+09 -7.86083 -8.53158 0.354762
1.67421e+09 -7.79932 -8.46309 0.344782
1.67421e+09 -6.41779 4.27045 0.26989
1.67421e+09 -7.23883 4.79344 0.304955
1.67421e+09 -7.2413 4.79041 0.299748
1.67421e+09 -7.17077 4.71835 0.285885
1.67421e+09 -7.10766 4.66202 0.283895
1.67421e+09 11.9126 -7.54649 0.262204
1.67421e+09 13.4154 -8.48223 0.311971
1.67421e+09 13.4549 -8.48813 0.311818
1.67421e+09 13.3411 -8.39024 0.304813
1.67421e+09 13.2423 -8.30806 0.297854
1.67421e+09 13.1496 -8.24398 0.302724
1.67421e+09 7.34412 -8.85472 0.139466
1.67421e+09 8.28631 -9.96608 0.154375
1.67421e+09 8.3101 -9.96806 0.151556
1.67421e+09 8.31274 -9.96828 0.151242
1.67421e+09 8.22119 -9.85344 0.149772
1.67421e+09 8.14006 -9.75692 0.14415
1.67421e+09 8.08768 -9.67483 0.140546
1.67421e+09 8.0454 -9.60039 0.135353
1.67421e+09 8.04215 -9.59466 0.134954
1.67421e+09 8.01329 -9.53345 0.130039
1.67421e+09 -6.31468 12.3421 0.242546
1.67421e+09 -7.09452 13.888 0.270716
1.67421e+09 -7.07473 13.8924 0.263956
1.67421e+09 -7.01495 13.743 0.275545
1.67421e+09 12.9172 6.60085 0.194552
1.67421e+09 14.519 7.42457 0.21534
1.67421e+09 14.5466 7.41876 0.219555
1.67421e+09 14.3984 7.32806 0.208424
1.67421e+09 14.2703 7.24736 0.201692
1.67421e+09 14.1648 7.17663 0.192041
1.67421e+09 14.0992 7.12116 0.19633
1.67421e+09 14.0438 7.06897 0.193784
1.67421e+09 -9.60771 -7.83906 0.166065
1.67421e+09 -10.8073 -8.83197 0.180449
1.67421e+09 -10.8047 -8.8403 0.17428
1.67421e+09 -10.679 -8.74918 0.162448
1.67421e+09 6.92395 6.53767 0.0976854
1.67421e+09 7.77575 7.3417 0.105045
1.67421e+09 7.77771 7.34548 0.101717
1.67421e+09 7.69339 7.26906 0.0973436
1.67421e+09 7.61141 7.18997 0.0934041
1.67421e+09 -3.26939 15.8481 0.235535
1.67421e+09 -3.66925 17.8217 0.255393
1.67421e+09 -3.67694 17.8082 0.249449
1.67421e+09 13.678 16.2373 0.24368
1.67421e+09 15.4118 18.2459 0.268896
1.67421e+09 15.4156 18.2405 0.266957
1.67421e+09 15.2618 18.0306 0.270407
1.67421e+09 15.1168 17.8333 0.264075
1.67421e+09 9.56999 -8.52579 0.127312
1.67421e+09 10.7731 -9.56606 0.146288
1.67421e+09 10.7845 -9.53407 0.152664
1.67421e+09 11.9893 -17.1901 0.173199
1.67421e+09 13.5278 -19.3451 0.192506
1.67421e+09 13.5721 -19.3478 0.190231
1.67421e+09 13.4692 -19.1368 0.189656
1.67421e+09 -1.40215 -18.5239 0.223651
1.67421e+09 5.08172 19.2402 0.264301
