1.67421e+09 -5.87894 -5.28767 0.305415
1.67421e+09 -6.62242 -5.94874 0.339379
1.67421e+09 -6.64331 -5.94489 0.341871
1.67421e+09 -6.64563 -5.94447 0.342147
1.67421e+09 8.23076 -7.48158 0.289451
1.67421e+09 9.23694 -8.4177 0.324234
1.67421e+09 9.23665 -8.40727 0.322204
1.67421e+09 9.23662 -8.40611 0.321979
1.67421e+09 9.16681 -8.30917 0.314216
1.67421e+09 9.10087 -8.23417 0.321117
1.67421e+09 9.01459 -8.15336 0.311482
1.67421e+09 -10.8718 -7.57063 0.325085
1.67421e+09 -12.4249 -8.65215 0.371526
1.67421e+09 -12.4357 -8.64682 0.36375
1.67421e+09 -12.4371 -8.64615 0.362778
1.67421e+09 3.55835 -8.73425 0.171141
1.67421e+09 4.01383 -9.82433 0.193184
1.67421e+09 4.02326 -9.81795 0.187142
1.67421e+09 3.98886 -9.70539 0.180903
1.67421e+09 3.96862 -9.60637 0.174454
1.67421e+09 3.94319 -9.53015 0.170934
1.67421e+09 3.92464 -9.46199 0.164329
1.67421e+09 3.91293 -9.40223 0.158005
1.67421e+09 3.90831 -9.35536 0.156857
1.67421e+09 3.908 -9.35224 0.15678
1.67421e+09 9.08457 6.68177 0.178382
1.67421e+09 10.246 7.52189 0.196852
1.67421e+09 10.2893 7.51769 0.192096
1.67421e+09 10.2002 7.4401 0.187362
1.67421e+09 10.1201 7.36286 0.179829
1.67421e+09 10.0577 7.29828 0.176941
1.67421e+09 10.0135 7.24437 0.175479
1.67421e+09 9.97616 7.19484 0.170513
1.67421e+09 9.94884 7.15132 0.167183
1.67421e+09 9.92891 7.11421 0.164082
1.67421e+09 23.8657 6.23945 0.335196
1.67421e+09 26.8557 7.02931 0.370728
1.67421e+09 26.8751 7.03318 0.365065
1.67421e+09 26.6035 6.96749 0.354382
1.67421e+09 -7.54112 -10.2297 0.176103
1.67421e+09 -8.49693 -11.5065 0.193347
1.67421e+09 -8.50382 -11.5019 0.186243
1.67421e+09 -8.42238 -11.3731 0.178425
1.67421e+09 -8.3388 -11.2554 0.175307
1.67421e+09 -8.28943 -11.164 0.172554
1.67421e+09 -8.20547 -11.0791 0.167148
1.67421e+09 3.24226 6.65018 0.100828
1.67421e+09 3.65427 7.48368 0.109948
1.67421e+09 3.6658 7.49329 0.104653
1.67421e+09 3.63327 7.41716 0.101048
1.67421e+09 3.6012 7.35047 0.0985138
1.67421e+09 3.57877 7.30004 0.0979091
1.67421e+09 3.55596 7.24853 0.0950288
1.67421e+09 3.53781 7.20748 0.094367
1.67421e+09 3.5251 7.17799 0.0919603
1.67421e+09 5.83416 -8.41635 0.185829
1.67421e+09 6.56042 -9.46491 0.195982
1.67421e+09 6.56592 -9.46679 0.190139
1.67421e+09 6.51624 -9.33892 0.178417
1.67421e+09 6.51127 -9.32613 0.177245
1.67421e+09 6.43491 -9.25076 0.17396
1.67421e+09 10.1091 16.361 0.248807
1.67421e+09 11.3732 18.4162 0.284927
1.67421e+09 11.3881 18.4031 0.282532
1.67421e+09 11.2762 18.1799 0.271963
1.67421e+09 11.1674 17.9811 0.262968
1.67421e+09 8.24868 -17.0896 0.183716
1.67421e+09 9.25991 -19.2215 0.203003
1.67421e+09 9.25318 -19.2171 0.197336
1.67421e+09 9.17115 -19.0043 0.191753
1.67421e+09 9.10217 -18.8105 0.186108
1.67421e+09 4.78861 7.17715 0.104035
1.67421e+09 5.40278 8.0826 0.119416
1.67421e+09 5.41891 8.08078 0.114626
1.67421e+09 11.6572 -14.8124 0.250287
1.67421e+09 13.0928 -16.6716 0.27443
1.67421e+09 13.0802 -16.6734 0.264436
1.67421e+09 12.928 -16.4887 0.255254
1.67421e+09 12.8535 -16.316 0.261797
1.67421e+09 18.3215 5.55202 0.19945
1.67421e+09 20.6031 6.24068 0.22998
1.67421e+09 20.6493 6.22131 0.222039
1.67421e+09 20.4766 6.13494 0.219272
1.67421e+09 -6.82471 16.0788 0.242113
1.67421e+09 -7.6681 18.0935 0.267181
1.67421e+09 1.49409 19.3403 0.261081
1.67421e+09 23.3639 11.6005 0.221604
1.67421e+09 26.3189 13.0491 0.247569
1.67421e+09 9.92721 22.9298 0.254693
