1687940923.66236115 -1.96750391 -5.77594328 0.204355925 0
1687940923.66236115 1.27741683 8.09476662 0.213400662 1
1687940923.66236115 11.7292128 -3.89975071 0.25958252 2
1687940923.66236115 8.11255836 5.29753304 0.235688686 3
1687940923.66236115 8.719594 -4.10981178 0.11548043 4
1687940923.66236115 -1.63687479 16.1675987 0.229880899 5
1687940923.66236115 -3.87891102 8.73704433 0.13212356 6
1687940923.66236115 11.7317343 -7.14354897 0.145543918 7
1687940923.66236115 -3.41243696 -8.15435123 0.113437571 8
1687940923.66236115 7.07761621 -13.0665693 0.194800586 9
1687940923.66236115 12.9052649 4.88353682 0.149702147 10
