1687940951.80218983 0.855484128 -5.19219875 0.0975020379 0
1687940951.80218983 2.96615505 11.3474741 0.248017803 1
1687940951.80218983 9.90972328 7.91038275 0.206787929 2
1687940951.80218983 6.64682102 -11.3362026 0.299203843 3
1687940951.80218983 6.30426264 3.60324597 0.106908686 4
1687940951.80218983 -1.41718221 -12.0980492 0.198435441 5
1687940951.80218983 -5.86768341 -8.69655609 0.214710593 6
1687940951.80218983 3.88870573 -10.9522772 0.127318636 7
1687940951.80218983 -2.56873131 -7.40462971 0.0950165838 8
1687940951.80218983 1.18352592 -6.83535385 0.0704559982 9
