1674207949.88431835 4.93259525 -5.88797235 0.31386131 0
1674207949.88431835 7.45522118 3.92248535 0.261588156 1
1674207949.88431835 0.00797287934 -8.27135372 0.325829417 2
1674207949.88431835 14.8876505 4.39933205 0.240876094 3
1674207949.88431835 3.37682891 -10.8450317 0.165038928 4
1674207949.88431835 -11.5066519 -7.66162205 0.298911572 5
1674207949.88431835 -6.67451239 12.4837379 0.294412196 6
1674207949.88431835 19.5106335 -7.86933851 0.290062845 7
1674207949.88431835 -2.49486375 -8.27611065 0.21096316 8
1674207949.88431835 0.611227274 11.9613237 0.24453032 9
1674207949.88431835 3.59571266 15.4709835 0.247601271 10
1674207949.88431835 -5.36494923 6.81219244 0.145621434 11
1674207949.88431835 -6.22586441 -11.4687595 0.149077445 12
1674207949.88431835 14.8408308 -9.18864727 0.154140726 13
1674207949.88431835 -10.7765102 7.48253107 0.193858638 14
1674207949.88431835 -0.61638397 5.48553562 0.126611739 15
1674207949.88431835 20.6067333 15.894331 0.235974103 16
