1687940958.15634203 8.61640072 -4.7750926 0.225144684 0
1687940958.15634203 -0.797170043 -8.71789169 0.265745044 1
1687940958.15634203 -0.807717383 -7.95484591 0.0933947414 2
1687940958.15634203 -7.31606388 -8.22702503 0.177978441 3
1687940958.15634203 -7.50505686 9.98725986 0.178050861 4
1687940958.15634203 2.48967385 -7.4581809 0.12019556 5
1687940958.15634203 5.28262901 -4.63151121 0.119593024 6
1687940958.15634203 -0.755514801 7.13816118 0.115793921 7
1687940958.15634203 11.3609705 3.53345776 0.138945639 8
1687940958.15634203 -9.27460766 -13.9038076 0.16206409 9
1687940958.15634203 -5.05105209 -20.9589729 0.224153921 10
1687940958.15634203 0.495620787 9.67555428 0.128865376 11
