1687940893.20279026 10.3172445 5.34273911 0.335073829 0
1687940893.20279026 3.16164732 6.17099524 0.165919811 1
1687940893.20279026 0.382484585 -5.1883359 0.118591443 2
1687940893.20279026 -0.695429325 7.79401207 0.184289441 3
1687940893.20279026 -2.83440757 9.70519066 0.246530473 4
1687940893.20279026 2.87628198 -14.775816 0.231282562 5
1687940893.20279026 -5.42055035 8.63749886 0.186204419 6
1687940893.20279026 -3.61335945 6.47894049 0.0851696506 7
1687940893.20279026 -3.76497006 -5.14648533 0.0984362513 8
1687940893.20279026 -1.01672614 -13.3990068 0.292907894 9
1687940893.20279026 4.59024572 -9.15974236 0.104623355 10
