1687940890.58112121 9.06366348 5.43847847 0.318751514 0
1687940890.58112121 2.0133822 6.29234076 0.195084825 1
1687940890.58112121 5.61434364 -1.24467707 0.14196305 2
1687940890.58112121 -0.66814518 -5.16663313 0.120525427 3
1687940890.58112121 -1.81276309 7.72535419 0.196272582 4
1687940890.58112121 6.03239584 -5.28006411 0.249991044 5
1687940890.58112121 5.21546555 8.47356319 0.121574558 6
1687940890.58112121 2.03323889 -14.7525377 0.223742694 7
1687940890.58112121 -6.58377981 8.59839439 0.178563327 8
1687940890.58112121 -4.76153469 6.42105961 0.12538074 9
