1.67421e+09 6.48381 -8.45338 0.318058
1.67421e+09 7.26818 -9.5262 0.353847
1.67421e+09 7.24963 -9.53464 0.349142
1.67421e+09 7.15944 -9.43108 0.340822
1.67421e+09 7.08223 -9.33414 0.333041
1.67421e+09 11.1788 -6.6619 0.348014
1.67421e+09 12.5785 -7.48898 0.386865
1.67421e+09 12.7534 -7.59237 0.391722
1.67421e+09 12.6045 -7.48803 0.381048
1.67421e+09 6.34532 3.97629 0.263372
1.67421e+09 7.12285 4.48284 0.278584
1.67421e+09 7.11461 4.49152 0.26495
1.67421e+09 7.02182 4.44811 0.248821
1.67421e+09 6.96783 4.41329 0.247122
1.67421e+09 6.90969 4.38026 0.237223
1.67421e+09 6.86117 4.35432 0.231098
1.67421e+09 9.69489 -16.8441 0.314747
1.67421e+09 10.9384 -18.9344 0.351131
1.67421e+09 10.8899 -18.9592 0.349208
1.67421e+09 10.7129 -18.7772 0.352324
1.67421e+09 10.5524 -18.5941 0.336095
1.67421e+09 -5.33173 12.4003 0.294074
1.67421e+09 -5.98067 13.9602 0.323117
1.67421e+09 -5.96187 13.9787 0.318088
1.67421e+09 -5.87363 13.8456 0.30947
1.67421e+09 -8.56428 8.1934 0.168886
1.67421e+09 -9.65939 9.22636 0.214181
1.67421e+09 -9.65249 9.22065 0.205907
1.67421e+09 -11.9451 -15.7244 0.208777
1.67421e+09 -5.51886 9.51816 0.146527
1.67421e+09 -6.16257 10.7164 0.17074
1.67421e+09 -18.0069 18.2333 0.264192
