1.67421e+09 0.656383 -5.85045 0.247488
1.67421e+09 0.735111 -6.58435 0.278641
1.67421e+09 0.723874 -6.59384 0.276104
1.67421e+09 0.702145 -6.52841 0.268823
1.67421e+09 11.4737 -6.67955 0.352477
1.67421e+09 13.1128 -7.63377 0.40283
1.67421e+09 13.1459 -7.63164 0.406774
1.67421e+09 12.9963 -7.51501 0.400053
1.67421e+09 12.8691 -7.39988 0.389268
1.67421e+09 12.8564 -7.38836 0.38819
1.67421e+09 12.7586 -7.31078 0.38112
1.67421e+09 12.6735 -7.24019 0.376769
1.67421e+09 12.6112 -7.17533 0.369703
1.67421e+09 12.5276 -7.13008 0.361694
1.67421e+09 7.80938 -10.4751 0.270199
1.67421e+09 8.79554 -11.7837 0.301711
1.67421e+09 8.80848 -11.7765 0.295821
1.67421e+09 8.72699 -11.6402 0.288351
1.67421e+09 8.64022 -11.5197 0.283396
1.67421e+09 8.58582 -11.4135 0.278237
1.67421e+09 8.54619 -11.3235 0.273716
1.67421e+09 8.4755 -11.2558 0.27304
1.67421e+09 8.41525 -11.2008 0.273982
1.67421e+09 8.24518 4.72147 0.244952
1.67421e+09 9.24912 5.30217 0.25814
1.67421e+09 9.23047 5.29313 0.244168
1.67421e+09 9.12237 5.22574 0.23332
1.67421e+09 9.02738 5.17033 0.231191
1.67421e+09 8.94896 5.11726 0.221916
1.67421e+09 8.94243 5.11284 0.221144
1.67421e+09 8.88931 5.07065 0.213667
1.67421e+09 8.84611 5.03371 0.206013
1.67421e+09 8.80048 4.99995 0.199218
1.67421e+09 3.97512 5.42544 0.115874
1.67421e+09 4.47021 6.09644 0.126346
1.67421e+09 4.50693 6.08541 0.122935
1.67421e+09 4.4357 6.01807 0.117744
1.67421e+09 4.39464 5.94813 0.113849
1.67421e+09 4.37166 5.89639 0.113986
1.67421e+09 4.35745 5.84935 0.111021
1.67421e+09 4.34984 5.81295 0.112107
1.67421e+09 4.32776 5.76348 0.118827
1.67421e+09 4.29762 5.73684 0.115677
1.67421e+09 13.1769 4.54558 0.19209
1.67421e+09 14.8651 5.12329 0.222725
1.67421e+09 14.9016 5.13004 0.22939
1.67421e+09 14.7729 5.08421 0.225607
1.67421e+09 14.6544 5.04115 0.221892
1.67421e+09 14.5352 4.9985 0.2246
1.67421e+09 14.4269 4.95761 0.221305
1.67421e+09 14.3441 4.9272 0.216663
1.67421e+09 14.2866 4.89825 0.210287
1.67421e+09 1.95172 8.17244 0.206782
1.67421e+09 2.17415 9.1789 0.22492
1.67421e+09 2.20196 9.30471 0.227187
1.67421e+09 2.15687 9.17822 0.220267
1.67421e+09 -5.19537 -11.6741 0.271491
1.67421e+09 -5.83624 -13.1236 0.304902
1.67421e+09 -5.84548 -13.1327 0.304491
1.67421e+09 10.7956 11.868 0.250005
1.67421e+09 12.1474 13.3518 0.275925
1.67421e+09 12.1745 13.3694 0.272595
1.67421e+09 12.0686 13.2411 0.265319
1.67421e+09 11.9303 13.1041 0.266512
1.67421e+09 11.8556 13.0107 0.262879
1.67421e+09 -3.33486 -17.6343 0.309104
1.67421e+09 -3.77809 -19.8588 0.347895
1.67421e+09 -3.8335 -20.1368 0.352744
1.67421e+09 -8.6453 6.68753 0.176393
1.67421e+09 -9.88035 7.64289 0.201591
1.67421e+09 7.39388 15.4798 0.26649
1.67421e+09 8.32272 17.3873 0.293457
1.67421e+09 8.32552 17.3907 0.297684
1.67421e+09 8.24437 17.1601 0.29671
1.67421e+09 8.17923 17.0081 0.302221
1.67421e+09 -7.64284 10.8703 0.209188
1.67421e+09 -8.58605 12.2485 0.230985
1.67421e+09 3.56557 -14.2621 0.17611
1.67421e+09 4.00976 -16.0404 0.191378
1.67421e+09 4.0172 -16.0354 0.19233
1.67421e+09 18.944 16.0633 0.234285
1.67421e+09 21.2818 18.065 0.261657
1.67421e+09 21.2637 18.0629 0.262238
1.67421e+09 21.0552 17.8662 0.25438
1.67421e+09 21.3888 10.5802 0.277437
1.67421e+09 24.0796 11.92 0.304591
