1687940948.47383261 0.0815735757 11.0188293 0.22582598 0
1687940948.47383261 -3.02189541 -5.33914757 0.0910652876 1
1687940948.47383261 4.71772671 -7.67831802 0.241908148 2
1687940948.47383261 12.2797728 -5.01509714 0.247371063 3
1687940948.47383261 2.4859488 -11.8371563 0.287497461 4
1687940948.47383261 0.137917548 -5.50479078 0.185627088 5
1687940948.47383261 -2.62493658 -7.10796928 0.103110425 6
1687940948.47383261 9.91266441 -5.13728619 0.126325861 7
1687940948.47383261 0.962407947 -10.2552595 0.161549389 8
1687940948.47383261 -5.53097534 -12.1732359 0.191611663 9
1687940948.47383261 -0.782490849 16.3095951 0.243500039 10
