1687940944.84289742 7.79875422 -2.91735172 0.243833482 0
1687940944.84289742 -0.704411745 -10.9410448 0.268317282 1
1687940944.84289742 0.838441849 8.62266064 0.198747769 2
1687940944.84289742 5.67565107 -3.32070279 0.140528768 3
1687940944.84289742 9.39787102 3.6218226 0.16900894 4
1687940944.84289742 2.0746088 -7.82875919 0.128969371 5
1687940944.84289742 3.95639324 5.6823678 0.0979178324 6
1687940944.84289742 -2.51053882 -9.55584812 0.169798195 7
1687940944.84289742 18.4596405 -2.51671219 0.205521941 8
1687940944.84289742 4.57678747 9.72766876 0.136912018 9
1687940944.84289742 13.8296194 12.1417837 0.193055421 10
1687940944.84289742 6.19950581 4.51452065 0.12928994 11
1687940944.84289742 -8.69599152 -12.3356113 0.19960402 12
