1674207957.3479321 3.55028486 5.42685461 0.193147689 0
1674207957.3479321 8.66359234 -10.651453 0.297041595 1
1674207957.3479321 9.04725838 5.70303488 0.291927129 2
1674207957.3479321 -7.58182764 -6.8292594 0.265467852 3
1674207957.3479321 8.96326065 11.1354914 0.216583088 4
1674207957.3479321 -5.78581667 7.28414059 0.144315839 5
1674207957.3479321 16.5130157 -11.8402138 0.249695122 6
1674207957.3479321 -3.85041428 16.9216805 0.256957412 7
1674207957.3479321 -10.8596954 5.82529211 0.259035766 8
1674207957.3479321 -4.72988319 -14.4807816 0.227495387 9
1674207957.3479321 23.6463108 6.26127148 0.2166899 10
1674207957.3479321 -3.49624228 23.5811405 0.248650119 11
1674207957.3479321 5.34122229 22.6297493 0.22975044 12
1674207957.3479321 13.1472139 23.3986301 0.264975518 13
1674207957.3479321 5.92196846 -26.3116341 0.237181485 14
