1674207961.88667822 5.09415865 6.27480555 0.28139624 0
1674207961.88667822 9.38405228 -6.99310541 0.295593888 1
1674207961.88667822 4.87935114 11.4505329 0.228060052 2
1674207961.88667822 12.1167278 -12.8230505 0.339827687 3
1674207961.88667822 0.993117869 8.48707485 0.206463531 4
1674207961.88667822 -9.942276 -10.0663319 0.282271743 5
1674207961.88667822 -9.29654217 6.24846888 0.283506513 6
1674207961.88667822 -2.23331499 -11.5413084 0.221125916 7
1674207961.88667822 -9.23952961 11.7152376 0.247428119 8
1674207961.88667822 6.2005744 -11.1807909 0.19855243 9
1674207961.88667822 13.0469942 13.093401 0.24079673 10
1674207961.88667822 21.4770126 8.11764336 0.213923693 11
1674207961.88667822 0.485446155 -20.3323193 0.239153787 12
1674207961.88667822 25.3617458 8.69573021 0.350147516 13
1674207961.88667822 20.1664772 12.939786 0.271543682 14
1674207961.88667822 6.12086248 21.0233002 0.228981763 15
1674207961.88667822 -21.840641 17.8217106 0.242773175 16
