1687940923.05719805 -2.48572588 -5.70544815 0.212497711 0
1687940923.05719805 -5.44154549 4.58476019 0.227027863 1
1687940923.05719805 0.413589865 8.2570467 0.222684458 2
1687940923.05719805 11.1643982 -3.47104836 0.254533768 3
1687940923.05719805 7.31023645 5.63356447 0.223031878 4
1687940923.05719805 8.13172626 -3.7504611 0.121231571 5
1687940923.05719805 -2.70506048 16.258112 0.239141196 6
1687940923.05719805 -4.70631075 8.73803806 0.10059119 7
1687940923.05719805 -3.91271544 -8.09293652 0.121961027 8
1687940923.05719805 11.0617857 -6.60009003 0.147782698 9
