1674207947.96799374 6.32375145 -8.54854393 0.361428231 0
1674207947.96799374 6.90576839 3.56790662 0.227426976 1
1674207947.96799374 -5.37771893 -7.89652538 0.255300671 2
1674207947.96799374 11.2755709 -6.03640127 0.287852138 3
1674207947.96799374 -4.83251524 7.10836744 0.220755205 4
1674207947.96799374 3.78550196 -8.58838177 0.190669313 5
1674207947.96799374 13.9510708 3.73676991 0.254042447 6
1674207947.96799374 6.67946386 11.7029181 0.246188208 7
1674207947.96799374 -10.553668 -4.99581575 0.309757769 8
1674207947.96799374 -0.566647172 12.1351509 0.263096899 9
1674207947.96799374 9.68375397 15.2516699 0.23193042 10
1674207947.96799374 -8.8231411 6.25876856 0.240026236 11
1674207947.96799374 9.59475327 -11.1006498 0.183220685 12
1674207947.96799374 21.4818573 4.20482254 0.244251803 13
1674207947.96799374 0.097335577 -11.8173103 0.183617949 14
1674207947.96799374 -3.013412 17.6581593 0.259688646 15
1674207947.96799374 -11.161622 13.5596294 0.301469952 16
1674207947.96799374 12.0417671 -19.1109657 0.248174533 17
1674207947.96799374 0.786103368 6.50467587 0.132258177 18
1674207947.96799374 -14.3169794 -8.76959801 0.234911293 19
