1674207977.21724749 7.76105833 -8.5556879 0.286586702 0
1674207977.21724749 12.4261465 -6.84888554 0.318487465 1
1674207977.21724749 -3.56680012 -11.9950972 0.352470815 2
1674207977.21724749 7.66138363 3.8276217 0.178374201 3
1674207977.21724749 -3.87517023 12.3352537 0.27619651 4
1674207977.21724749 10.9648676 -17.008646 0.301632315 5
1674207977.21724749 -7.22901058 8.1300621 0.214278907 6
1674207977.21724749 17.8099461 3.10774422 0.276773036 7
1674207977.21724749 2.43882942 10.7639685 0.239020273 8
1674207977.21724749 -10.8337669 -15.8713284 0.263694555 9
