1687940940.30421305 4.30140734 -5.96294069 0.255766988 0
1687940940.30421305 7.76536274 -5.37408543 0.176037267 1
1687940940.30421305 -4.20921469 8.66913986 0.188848674 2
1687940940.30421305 -1.27021182 5.62718821 0.0874037892 3
1687940940.30421305 12.6464262 -3.44659734 0.205084398 4
1687940940.30421305 8.11746216 3.383322 0.171484232 5
1687940940.30421305 -0.38080126 9.50727367 0.120961547 6
1687940940.30421305 8.9208765 11.5532579 0.218621343 7
1687940940.30421305 16.2662773 4.00456905 0.235192493 8
1687940940.30421305 -11.1342373 11.8669491 0.215166301 9
1687940940.30421305 -2.5963304 -10.8399067 0.130239218 10
