1687940946.65833473 3.02156687 -7.09181976 0.255896032 0
1687940946.65833473 1.06182158 -11.3068848 0.282779127 1
1687940946.65833473 3.68619204 8.16996956 0.209655613 2
1687940946.65833473 -1.91228759 -5.16640043 0.20130083 3
1687940946.65833473 10.2223778 -3.7897408 0.218148664 4
1687940946.65833473 7.86026716 -4.04780197 0.110034876 5
1687940946.65833473 11.9454689 2.70006943 0.166990146 6
1687940946.65833473 -0.651879549 -9.78970146 0.126097783 7
1687940946.65833473 5.3900485 -5.09253597 0.150392041 8
1687940946.65833473 -4.88888264 -5.27367115 0.10494449 9
1687940946.65833473 20.7760868 -3.9307003 0.219308823 10
1687940946.65833473 6.6426506 5.08114481 0.0971314088 11
1687940946.65833473 -4.50346518 -6.96231556 0.106471568 12
1687940946.65833473 9.03016663 -10.9776831 0.151812434 13
