1.67421e+09 1.42438 -6.00578 0.257403
1.67421e+09 12.4455 -6.73301 0.338011
1.67421e+09 2.82055 8.0332 0.217949
1.67421e+09 5.00245 5.28648 0.0922096
1.67421e+09 8.67048 -10.5377 0.251487
1.67421e+09 -4.39185 -11.7248 0.271525
1.67421e+09 9.10528 4.47192 0.125272
1.67421e+09 14.3349 4.4607 0.222277
1.67421e+09 11.737 11.6748 0.217425
1.67421e+09 8.42877 15.4438 0.304541
1.67421e+09 -7.7423 6.66903 0.182146
1.67421e+09 -6.61049 10.949 0.197609
1.67421e+09 -3.03625 14.8204 0.256896
1.67421e+09 4.34996 -14.2664 0.178047
1.67421e+09 3.35026 11.1435 0.110015
