1.67421e+09 10.6352 -6.46691 0.344054
1.67421e+09 -0.279968 -5.80004 0.239254
1.67421e+09 6.9935 -10.3335 0.25056
1.67421e+09 12.3367 4.72256 0.186273
1.67421e+09 7.22019 4.7372 0.136404
1.67421e+09 3.06063 5.4866 0.108266
1.67421e+09 -6.06785 -11.5927 0.262516
1.67421e+09 0.903213 8.21092 0.18381
1.67421e+09 6.37437 15.6046 0.285189
1.67421e+09 9.83165 12.0166 0.243463
1.67421e+09 2.78822 -14.1331 0.183327
1.67421e+09 -5.04995 14.7716 0.21401
1.67421e+09 -9.6308 6.71985 0.183143
1.67421e+09 16.2732 5.64029 0.224249
1.67421e+09 -8.50637 11.0502 0.20493
1.67421e+09 -3.2518 22.7926 0.25922
1.67421e+09 17.8824 16.2101 0.214866
