1687940929.81481242 10.2185488 0.473097056 0.207593396 0
1687940929.81481242 6.04118204 1.88029718 0.136665404 1
1687940929.81481242 10.083189 6.33337641 0.220655993 2
1687940929.81481242 -5.56246853 -5.02571535 0.140609533 3
1687940929.81481242 5.00241137 7.45396566 0.0893333852 4
1687940929.81481242 7.94895935 14.7534895 0.243069172 5
1687940929.81481242 -2.85777211 11.6464596 0.188978299 6
1687940929.81481242 19.105669 -6.58446932 0.265884489 7
1687940929.81481242 0.807835102 18.5470371 0.25353533 8
1687940929.81481242 0.613669515 12.5302486 0.119958907 9
1687940929.81481242 16.0790062 -6.51126385 0.138045654 10
