1.67421e+09 6.89528 -8.54865 0.346521
1.67421e+09 7.53733 3.58437 0.237098
1.67421e+09 -4.61991 -7.97771 0.253952
1.67421e+09 11.9707 -6.0053 0.315687
1.67421e+09 -4.21556 7.0862 0.225385
1.67421e+09 10.3873 15.301 0.288253
1.67421e+09 -9.91716 -5.05073 0.313235
1.67421e+09 14.6182 3.7776 0.262106
1.67421e+09 4.40867 -8.52422 0.197756
1.67421e+09 0.0612602 12.0925 0.261758
1.67421e+09 10.3541 -11.0502 0.185405
1.67421e+09 1.37645 6.43832 0.127009
1.67421e+09 22.0529 4.25499 0.240219
1.67421e+09 -8.15386 6.18188 0.178284
1.67421e+09 0.799514 -11.8492 0.182334
1.67421e+09 -10.5401 13.5102 0.289532
1.67421e+09 -2.39843 17.6239 0.259084
1.67421e+09 -13.7403 -8.80244 0.238312
1.67421e+09 -9.06013 -8.1269 0.120076
