1.67421e+09 5.94251 7.60687 0.268529
1.67421e+09 -6.68479 -6.3872 0.230433
1.67421e+09 10.1524 -8.5921 0.240537
1.67421e+09 -8.25885 10.7223 0.258559
1.67421e+09 19.2717 -6.46373 0.302119
1.67421e+09 -0.908915 8.45262 0.190582
1.67421e+09 -0.221242 -6.43423 0.19323
1.67421e+09 11.1695 -11.864 0.255805
1.67421e+09 2.30066 11.5669 0.257029
1.67421e+09 13.5796 15.29 0.304609
1.67421e+09 0.98588 -5.02486 0.219348
1.67421e+09 18.2795 2.10304 0.226816
1.67421e+09 -13.4952 15.0545 0.278502
1.67421e+09 -2.11534 -12.2363 0.155301
1.67421e+09 -20.5576 15.3335 0.268018
