1.67421e+09 5.62877 -5.98317 0.32155
1.67421e+09 6.37043 -6.70994 0.357479
1.67421e+09 6.3995 -6.70755 0.355587
1.67421e+09 6.40273 -6.70728 0.355377
1.67421e+09 8.12845 3.86124 0.268413
1.67421e+09 9.1477 4.34411 0.299237
1.67421e+09 9.15486 4.34863 0.297635
1.67421e+09 9.04468 4.30167 0.299401
1.67421e+09 8.94223 4.25555 0.296325
1.67421e+09 8.86787 4.2201 0.29002
1.67421e+09 8.80641 4.19142 0.282615
1.67421e+09 8.7582 4.1692 0.276688
1.67421e+09 8.70434 4.14491 0.276525
1.67421e+09 8.66028 4.12582 0.277516
1.67421e+09 0.691125 -8.31321 0.322798
1.67421e+09 0.784552 -9.34804 0.361202
1.67421e+09 0.77752 -9.35103 0.361991
1.67421e+09 0.776891 -9.19473 0.352393
1.67421e+09 15.4027 4.39013 0.254464
1.67421e+09 17.3571 4.92709 0.283789
1.67421e+09 17.3742 4.91953 0.28032
1.67421e+09 17.1986 4.85832 0.274581
1.67421e+09 17.0418 4.79963 0.268539
1.67421e+09 16.9181 4.75118 0.264106
1.67421e+09 16.8184 4.71063 0.25999
1.67421e+09 16.7399 4.67623 0.257153
1.67421e+09 16.6774 4.64641 0.255302
1.67421e+09 4.15061 -10.9001 0.177654
1.67421e+09 4.66936 -12.2634 0.198583
1.67421e+09 4.67758 -12.2581 0.192351
1.67421e+09 4.58958 -12.1202 0.185273
1.67421e+09 4.52085 -11.9933 0.179862
1.67421e+09 4.47134 -11.894 0.1785
1.67421e+09 4.42147 -11.8139 0.179002
1.67421e+09 4.37932 -11.7416 0.175234
1.67421e+09 -6.02358 12.4928 0.313767
1.67421e+09 -6.76757 14.0368 0.347122
1.67421e+09 -6.76203 14.025 0.343602
1.67421e+09 -6.67972 13.8553 0.336231
1.67421e+09 1.28787 11.9041 0.243783
1.67421e+09 1.46322 13.3978 0.281125
1.67421e+09 1.44635 13.3897 0.277167
1.67421e+09 1.43569 13.2434 0.271155
1.67421e+09 -4.70227 6.74505 0.100342
1.67421e+09 -5.29523 7.5876 0.11196
1.67421e+09 -5.31081 7.60356 0.128773
1.67421e+09 -5.22394 7.4968 0.148554
1.67421e+09 -5.16983 7.42134 0.149814
1.67421e+09 -1.82574 -8.33896 0.15058
1.67421e+09 -2.04872 -9.38044 0.158219
1.67421e+09 -2.05321 -9.37482 0.164714
1.67421e+09 -5.59065 -11.538 0.162653
1.67421e+09 -6.30875 -12.9658 0.18189
1.67421e+09 -6.28661 -12.9665 0.179133
1.67421e+09 -6.19022 -12.8184 0.170953
1.67421e+09 -10.1111 7.4402 0.191204
1.67421e+09 15.3802 -9.17952 0.142003
1.67421e+09 17.3319 -10.3384 0.156077
1.67421e+09 17.3665 -10.3463 0.153389
1.67421e+09 17.2095 -10.2342 0.153908
1.67421e+09 21.271 15.8671 0.257986
1.67421e+09 23.9386 17.8272 0.279973
1.67421e+09 -16.5211 13.8596 0.257715
