1687940944.64114475 7.57321501 -2.84152985 0.260995179 0
1687940944.64114475 -0.922272027 -10.8928976 0.267376602 1
1687940944.64114475 0.531645775 8.68237686 0.202869922 2
1687940944.64114475 5.38323832 -3.23923564 0.137014017 3
1687940944.64114475 9.10898685 3.71575618 0.166375503 4
1687940944.64114475 3.66332006 5.75021648 0.0844510123 5
1687940944.64114475 -2.73635006 -9.50824165 0.117677815 6
1687940944.64114475 18.218874 -2.36561036 0.177082509 7
1687940944.64114475 13.586668 12.3131199 0.236381084 8
1687940944.64114475 4.27216196 9.75819969 0.110052563 9
1687940944.64114475 5.97761774 4.52622509 0.106023774 10
1687940944.64114475 2.49746346 -9.35287094 0.153611451 11
1687940944.64114475 -9.00357151 -12.275135 0.195384234 12
1687940944.64114475 5.94842529 16.22225 0.255514115 13
