1.67421e+09 2.88213 -7.2181 0.313716
1.67421e+09 3.23345 -8.13591 0.347967
1.67421e+09 9.56579 9.67577 0.337699
1.67421e+09 10.7819 10.8862 0.375666
1.67421e+09 10.8044 10.8959 0.375462
1.67421e+09 10.69 10.7799 0.368728
1.67421e+09 10.5861 10.6732 0.362117
1.67421e+09 10.5093 10.5822 0.352797
1.67421e+09 10.5029 10.5746 0.35202
1.67421e+09 5.59131 9.05922 0.160832
1.67421e+09 6.25518 10.195 0.180454
1.67421e+09 6.22919 10.2005 0.182181
1.67421e+09 6.14674 10.0835 0.175419
1.67421e+09 6.09316 9.97014 0.165088
1.67421e+09 6.02802 9.88283 0.15899
1.67421e+09 -4.22755 -11.9749 0.347084
1.67421e+09 -4.77907 -13.4605 0.390849
1.67421e+09 -4.75748 -13.4496 0.382743
1.67421e+09 4.28576 13.8656 0.266131
1.67421e+09 4.83929 15.597 0.297988
1.67421e+09 4.84396 15.5962 0.295412
1.67421e+09 4.79858 15.4192 0.289292
1.67421e+09 4.75808 15.2572 0.283072
1.67421e+09 4.72977 15.1246 0.277829
1.67421e+09 12.3286 -13.0163 0.289708
1.67421e+09 13.8945 -14.6412 0.325045
1.67421e+09 13.8584 -14.6208 0.32535
1.67421e+09 13.7325 -14.4557 0.310217
1.67421e+09 13.6101 -14.292 0.304874
1.67421e+09 3.62304 -18.6628 0.314747
1.67421e+09 4.11927 -21 0.354007
1.67421e+09 4.07695 -20.987 0.348984
1.67421e+09 4.03581 -20.7528 0.344231
1.67421e+09 4.01313 -20.542 0.336042
1.67421e+09 4.01841 -20.3601 0.328669
1.67421e+09 3.99834 -20.2147 0.325038
1.67421e+09 11.2487 -7.33314 0.211705
1.67421e+09 12.6683 -8.24608 0.238486
1.67421e+09 12.8458 -8.3602 0.241834
1.67421e+09 12.7322 -8.24684 0.23297
1.67421e+09 12.5715 -8.14434 0.228335
1.67421e+09 12.4411 -8.05173 0.216217
1.67421e+09 -9.77891 -10.1824 0.15011
1.67421e+09 -11.0025 -11.4612 0.165833
1.67421e+09 -10.9846 -11.4698 0.166948
1.67421e+09 16.5031 7.48492 0.201264
1.67421e+09 18.5887 8.41967 0.224931
1.67421e+09 18.6205 8.41892 0.228228
1.67421e+09 18.4425 8.32241 0.224258
1.67421e+09 18.2778 8.22989 0.216202
1.67421e+09 18.1275 8.16245 0.21248
1.67421e+09 18.0259 8.10055 0.212392
1.67421e+09 -10.8603 12.4621 0.283082
1.67421e+09 -12.2156 14.0239 0.301541
1.67421e+09 19.8001 10.7058 0.275591
1.67421e+09 22.2991 12.0417 0.30423
1.67421e+09 22.3313 12.0409 0.303908
1.67421e+09 22.0486 11.8928 0.297657
1.67421e+09 21.8503 11.7735 0.294003
1.67421e+09 -10.6374 7.19288 0.273276
1.67421e+09 4.76762 -17.4056 0.159896
1.67421e+09 5.39079 -19.5634 0.172489
1.67421e+09 5.42202 -19.5515 0.171415
1.67421e+09 23.4477 6.81666 0.255527
1.67421e+09 26.3847 7.67192 0.290776
1.67421e+09 26.3934 7.67959 0.28936
