1674207973.4855504 -6.37730217 -7.11381578 0.209221616 0
1674207973.4855504 14.8039341 4.76834011 0.269543111 1
1674207973.4855504 5.85209751 7.59388399 0.181430504 2
1674207973.4855504 -5.05354881 -10.2793293 0.259912193 3
1674207973.4855504 4.53678608 -16.4881687 0.256751746 4
1674207973.4855504 4.28372669 5.94825697 0.126193866 5
1674207973.4855504 26.504343 -5.70621014 0.267884463 6
1674207973.4855504 15.3355627 11.0184631 0.2574341 7
1674207973.4855504 -11.3645372 8.95766354 0.257645547 8
1674207973.4855504 22.5039368 -7.73701286 0.286056429 9
1674207973.4855504 -4.21756697 17.00947 0.260421485 10
1674207973.4855504 6.06465054 -15.9888906 0.187716141 11
1674207973.4855504 9.07375145 9.16269684 0.102642044 12
