1687940926.08298802 1.20514381 -5.50196552 0.194578037 0
1687940926.08298802 3.91181517 8.45696545 0.21425584 1
1687940926.08298802 6.01934195 -2.72762942 0.184405819 2
1687940926.08298802 -5.58226681 -12.072875 0.246999532 3
1687940926.08298802 14.9131584 -2.99800396 0.247822374 4
1687940926.08298802 0.501480997 16.3521748 0.256783247 5
1687940926.08298802 -1.29247653 8.84424782 0.144465238 6
1687940926.08298802 11.8593445 -3.34862232 0.138457939 7
1687940926.08298802 10.7524862 -12.311532 0.20681949 8
1687940926.08298802 -1.40839195 -6.14104939 0.0639305413 9
