1.67421e+09 9.44702 4.19783 0.238309
1.67421e+09 4.01508 11.8829 0.270318
1.67421e+09 16.0338 -8.77834 0.280278
1.67421e+09 10.3864 10.4139 0.250695
1.67421e+09 20.6114 -6.93439 0.298122
1.67421e+09 0.786021 7.64697 0.186042
1.67421e+09 -11.2851 -9.61297 0.252162
1.67421e+09 3.98762 8.934 0.107096
1.67421e+09 19.1935 -17.3318 0.33329
1.67421e+09 -12.2793 -6.32982 0.200949
1.67421e+09 -0.844246 6.04056 0.144242
1.67421e+09 5.01716 -23.9126 0.293488
1.67421e+09 -8.76101 17.5957 0.271592
1.67421e+09 6.91197 -14.2157 0.129286
