1.67421e+09 -5.58948 -7.18632 0.218686
1.67421e+09 15.5062 4.77504 0.265382
1.67421e+09 5.35198 -16.5119 0.24669
1.67421e+09 -4.24418 -10.3245 0.25056
1.67421e+09 6.59692 7.59636 0.177947
1.67421e+09 4.99977 6.04145 0.149278
1.67421e+09 -10.6262 8.88554 0.262701
1.67421e+09 27.7733 -5.64297 0.305929
1.67421e+09 23.3269 -7.73488 0.298567
1.67421e+09 16.0643 11.0363 0.264139
1.67421e+09 9.64692 12.1229 0.257464
1.67421e+09 9.90441 9.1833 0.139059
1.67421e+09 6.7015 -16.0226 0.175154
1.67421e+09 -0.64878 -19.9729 0.188655
