1687940943.63257551 6.30695629 -2.59770083 0.262320787 0
1687940943.63257551 -2.05358362 -10.8419561 0.263212889 1
1687940943.63257551 -0.975493252 8.76537991 0.210385188 2
1687940943.63257551 7.7057395 3.99286485 0.182806656 3
1687940943.63257551 -6.03460741 -4.65318203 0.271959841 4
1687940943.63257551 2.23339581 5.94443941 0.097950086 5
1687940943.63257551 -9.84539032 -12.5030766 0.164449662 6
1687940943.63257551 12.3353739 -4.24551678 0.194057509 7
1687940943.63257551 0.748226643 -7.65668583 0.117161885 8
1687940943.63257551 16.917841 -1.96498311 0.201264799 9
1687940943.63257551 1.27427721 -9.15945721 0.136077926 10
1687940943.63257551 8.60141754 -5.01541662 0.235002548 11
1687940943.63257551 -3.79758096 -9.54298782 0.131188616 12
1687940943.63257551 2.72798395 9.91737461 0.131328091 13
