1687940926.48642659 5.42381334 2.75272155 0.203459606 0
1687940926.48642659 1.83379602 -5.49784374 0.220788345 1
1687940926.48642659 4.38608027 8.53566837 0.217477396 2
1687940926.48642659 0.26290217 -5.30875826 0.180739611 3
1687940926.48642659 6.52216578 -2.60057855 0.194977149 4
1687940926.48642659 15.3449383 -2.77552938 0.262525827 5
1687940926.48642659 -0.790635288 8.860322 0.111984767 6
1687940926.48642659 0.936817825 16.4166965 0.24244152 7
1687940926.48642659 5.5382123 -2.25924778 0.128329277 8
1687940926.48642659 -0.812108576 -6.1039896 0.131971762 9
