1687940946.75920272 3.11465049 -7.09600878 0.276933879 0
1687940946.75920272 1.12620294 -11.3522882 0.281111032 1
1687940946.75920272 10.2499151 -3.85359073 0.266667336 2
1687940946.75920272 3.87982559 8.10353851 0.212982491 3
1687940946.75920272 7.98469257 -4.13099623 0.106516309 4
1687940946.75920272 12.146081 2.58930492 0.19320327 5
1687940946.75920272 -0.611289918 -9.89291859 0.17112577 6
1687940946.75920272 -4.77472115 -5.23803616 0.12311618 7
1687940946.75920272 6.82487869 4.94928837 0.0911467224 8
1687940946.75920272 5.57645416 -5.11109066 0.124158226 9
1687940946.75920272 -6.94295788 -12.2278566 0.206900552 10
1687940946.75920272 -4.39872646 -6.99484205 0.107755624 11
1687940946.75920272 -5.4167428 -4.6864996 0.134968266 12
1687940946.75920272 9.11595154 -11.0924387 0.172085464 13
1687940946.75920272 20.9458561 -4.08339691 0.218051746 14
