1.67421e+09 11.2868 4.38558 0.283124
1.67421e+09 12.7073 4.93383 0.321755
1.67421e+09 12.7353 4.94826 0.321446
1.67421e+09 12.5966 4.89515 0.309721
1.67421e+09 12.4576 4.83933 0.304748
1.67421e+09 12.445 4.83425 0.304296
1.67421e+09 12.3696 4.80336 0.297019
1.67421e+09 12.3116 4.77784 0.293725
1.67421e+09 2.60249 7.64892 0.198687
1.67421e+09 2.91614 8.58692 0.224256
1.67421e+09 2.91111 8.58256 0.222299
1.67421e+09 2.87733 8.49146 0.21718
1.67421e+09 2.84568 8.39849 0.211948
1.67421e+09 2.83712 8.33387 0.207198
1.67421e+09 2.81189 8.26588 0.203341
1.67421e+09 2.79153 8.20942 0.19964
1.67421e+09 5.66629 11.8506 0.269841
1.67421e+09 6.38946 13.3501 0.303228
1.67421e+09 6.39914 13.3628 0.301319
1.67421e+09 6.34681 13.2406 0.298574
1.67421e+09 6.29261 13.1181 0.292685
1.67421e+09 6.25899 13.0325 0.287091
1.67421e+09 6.22935 12.9616 0.286239
1.67421e+09 6.20933 12.906 0.277093
1.67421e+09 6.2079 12.902 0.27644
1.67421e+09 12.0392 10.5912 0.276536
1.67421e+09 13.5591 11.9245 0.306089
1.67421e+09 13.58 11.936 0.304925
1.67421e+09 13.4526 11.8141 0.298878
1.67421e+09 13.3381 11.7044 0.292722
1.67421e+09 13.2197 11.6021 0.289038
1.67421e+09 13.2098 11.5935 0.288731
1.67421e+09 13.1455 11.527 0.284106
1.67421e+09 18.2064 -8.49807 0.311453
1.67421e+09 20.484 -9.55261 0.349521
1.67421e+09 20.7687 -9.68443 0.354279
1.67421e+09 20.539 -9.5528 0.354845
1.67421e+09 20.2985 -9.42847 0.349415
1.67421e+09 20.1133 -9.32984 0.340275
1.67421e+09 19.9208 -9.25653 0.330432
1.67421e+09 19.7783 -9.17566 0.321647
1.67421e+09 19.62 -9.1454 0.318443
1.67421e+09 -9.12999 -9.88729 0.260038
1.67421e+09 -10.2535 -11.1196 0.291601
1.67421e+09 -10.2358 -11.1185 0.292887
1.67421e+09 -10.1029 -10.9895 0.28825
1.67421e+09 -9.97988 -10.8705 0.281522
1.67421e+09 22.6982 -6.59817 0.311244
1.67421e+09 25.9408 -7.54077 0.355708
1.67421e+09 -10.2293 -6.6755 0.2097
1.67421e+09 0.976566 6.08346 0.156057
1.67421e+09 5.76125 9.00465 0.0978165
1.67421e+09 6.47009 10.1393 0.127738
1.67421e+09 6.45142 10.1364 0.127485
1.67421e+09 6.39411 10.0245 0.123761
1.67421e+09 6.29996 9.9196 0.120568
1.67421e+09 -7.12509 17.3146 0.265328
1.67421e+09 -8.01641 19.5014 0.297121
1.67421e+09 -8.02521 19.5153 0.302605
1.67421e+09 21.5495 -16.9304 0.330457
1.67421e+09 -14.5815 9.62875 0.225153
