1687940930.31910491 -1.94415236 -12.2859335 0.229108766 0
1687940930.31910491 10.8172102 0.704608381 0.203904733 1
1687940930.31910491 5.94200087 -6.92341709 0.205226034 2
1687940930.31910491 6.68155336 2.03035641 0.0954349041 3
1687940930.31910491 10.5568113 6.58603907 0.205907017 4
1687940930.31910491 11.1210556 -4.7518754 0.192687824 5
1687940930.31910491 -2.4542675 11.6222229 0.202080995 6
1687940930.31910491 5.4669919 7.62474251 0.0980159491 7
1687940930.31910491 1.14555335 12.6137667 0.140445113 8
1687940930.31910491 -4.84172583 -5.07783556 0.159366265 9
