1674207951.90146661 -6.84589148 -7.83844805 0.309536248 0
1674207951.90146661 8.22877693 4.69469261 0.251171499 1
1674207951.90146661 -6.13417816 4.22877169 0.280526817 2
1674207951.90146661 12.4123764 -7.60011196 0.288122088 3
1674207951.90146661 7.77714062 -8.89187336 0.1453664 4
1674207951.90146661 -6.00319004 12.3184624 0.245872393 5
1674207951.90146661 13.3368893 6.54306889 0.157282114 6
1674207951.90146661 -2.96037793 15.7873917 0.218108758 7
1674207951.90146661 12.4279051 -17.205843 0.15444912 8
1674207951.90146661 7.2221117 6.51012754 0.0797309577 9
1674207951.90146661 9.9140892 -8.56277561 0.125484303 10
1674207951.90146661 14.0389395 16.1792126 0.234062627 11
1674207951.90146661 -13.2274761 12.9206991 0.297614187 12
1674207951.90146661 -9.14467716 -7.84736729 0.184765846 13
