1687940945.85146117 0.362920582 -11.1067295 0.272838742 0
1687940945.85146117 9.11709976 -3.31504011 0.266912967 1
1687940945.85146117 2.37896967 8.4343853 0.200432777 2
1687940945.85146117 6.9266448 -3.66575241 0.121591739 3
1687940945.85146117 10.7770605 3.1893363 0.165275186 4
1687940945.85146117 -1.47380567 -9.64330578 0.112653166 5
1687940945.85146117 -4.72608614 11.391695 0.236404777 6
1687940945.85146117 5.47617054 5.4178381 0.142748952 7
1687940945.85146117 19.7765598 -3.17702579 0.211542696 8
1687940945.85146117 8.24440289 -10.5732355 0.169643804 9
