1687940892.29502559 9.64218426 5.40360689 0.330346227 0
1687940892.29502559 2.5720067 6.25681543 0.168657675 1
1687940892.29502559 -0.0763285831 -5.17100191 0.107850701 2
1687940892.29502559 -1.17974257 7.81801271 0.209531292 3
1687940892.29502559 6.6452632 -5.23883963 0.18719469 4
1687940892.29502559 -5.95445776 8.59587097 0.172539175 5
1687940892.29502559 13.0592136 9.32403564 0.284191221 6
1687940892.29502559 8.9616375 3.77025461 0.216048986 7
1687940892.29502559 0.985184252 15.3947058 0.308558494 8
1687940892.29502559 -4.17344284 6.54218531 0.116530277 9
1687940892.29502559 -1.3641361 -13.3320103 0.25175184 10
1687940892.29502559 -4.13022184 -5.13230276 0.119185194 11
