1687940946.35578012 2.74531078 -7.02999687 0.273126334 0
1687940946.35578012 0.863679707 -11.2133694 0.280080944 1
1687940946.35578012 9.7294445 -3.51198053 0.25780943 2
1687940946.35578012 3.13680339 8.34793663 0.213227451 3
1687940946.35578012 11.5850058 2.94910502 0.199969426 4
1687940946.35578012 -0.929572403 -9.75453854 0.144502312 5
1687940946.35578012 7.51178217 -3.83634949 0.109137557 6
1687940946.35578012 -3.95194006 11.3374882 0.238877535 7
1687940946.35578012 6.16898775 5.21717882 0.0994288623 8
1687940946.35578012 8.81709576 -10.7661009 0.136852086 9
1687940946.35578012 -5.17533827 -5.26967144 0.0917302296 10
1687940946.35578012 -4.76952553 -7.00689077 0.107412264 11
