1674207955.33068657 -3.29798079 5.28145838 0.26320985 0
1674207955.33068657 10.7887812 5.38397312 0.214041457 1
1674207955.33068657 16.5595264 -10.6114912 0.294995546 2
1674207955.33068657 16.3115406 5.88774824 0.302008241 3
1674207955.33068657 1.90162587 6.84606314 0.144926205 4
1674207955.33068657 3.19740582 -14.792717 0.207674757 5
1674207955.33068657 -10.6269808 5.18224764 0.263332069 6
1674207955.33068657 16.0586109 11.2864609 0.204677239 7
1674207955.33068657 2.99337053 16.5618324 0.246542722 8
1674207955.33068657 7.71018982 -24.3129139 0.213187948 9
1674207955.33068657 -4.50143957 -8.27366066 0.110985428 10
1674207955.33068657 11.9652462 22.5732803 0.23020944 11
1674207955.33068657 -14.1550217 -17.4152355 0.190224618 12
1674207955.33068657 -2.32433581 -8.07694149 0.114533 13
1674207955.33068657 -5.56966972 19.9987965 0.283229887 14
1674207955.33068657 -2.57419038 7.5883007 0.108504251 15
1674207955.33068657 3.10019231 23.176487 0.249789268 16
1674207955.33068657 -13.9733181 16.9392281 0.222053602 17
1674207955.33068657 19.7111053 23.6019535 0.249205306 18
