1687940947.36436605 3.72702265 -7.39742899 0.193039179 0
1687940947.36436605 1.64556634 -11.5524092 0.280056924 1
1687940947.36436605 10.9879284 -4.34171247 0.245280832 2
1687940947.36436605 4.95511961 7.81443453 0.218144298 3
1687940947.36436605 -5.64838266 4.23546696 0.240117401 4
1687940947.36436605 -1.09743941 -5.35363579 0.235688537 5
1687940947.36436605 -4.17024803 -5.25703382 0.0948530957 6
1687940947.36436605 -0.0255826078 -9.98457909 0.148627654 7
1687940947.36436605 8.65057564 -4.54578495 0.145095587 8
1687940947.36436605 -1.96438849 11.2319965 0.253579289 9
1687940947.36436605 -3.78347874 -7.03824949 0.118325323 10
1687940947.36436605 12.9931183 2.04152322 0.179771736 11
