1687940953.71852493 5.40593147 -4.78882551 0.236111864 0
1687940953.71852493 -4.0481143 -8.60908031 0.211107329 1
1687940953.71852493 5.09152889 11.281661 0.229711995 2
1687940953.71852493 2.64911461 -5.16990852 0.0804131925 3
1687940953.71852493 8.70650673 -11.4753742 0.298374236 4
1687940953.71852493 6.98923397 -9.92582893 0.127780035 5
1687940953.71852493 -4.14058828 -7.90769434 0.12335255 6
1687940953.71852493 0.39662835 -12.1220436 0.197927654 7
1687940953.71852493 8.30265427 3.47952271 0.104479119 8
1687940953.71852493 -3.95652819 7.2989378 0.125802606 9
