1674207086.12143421 10.1137371 -6.82740641 0.377685726 0
1674207086.12143421 -0.0223817732 -8.19011021 0.236536384 1
1674207086.12143421 5.60621405 5.12542534 0.209191859 2
1674207086.12143421 3.07697368 -14.9290648 0.291726142 3
1674207086.12143421 15.5533762 5.85495615 0.188584223 4
1674207086.12143421 5.3802743 6.08420658 0.110245153 5
1674207086.12143421 6.74240971 12.2125921 0.19248338 6
1674207086.12143421 16.5733891 10.2177057 0.215290636 7
1674207086.12143421 21.643362 3.6333046 0.157919824 8
1674207086.12143421 11.442873 -23.4282341 0.224790335 9
