1674207957.5496459 7.91861677 -10.6557541 0.320909441 0
1674207957.5496459 2.7786324 5.42825127 0.18664138 1
1674207957.5496459 8.27775764 5.6844058 0.279921144 2
1674207957.5496459 8.21440029 11.1472273 0.213344648 3
1674207957.5496459 15.7239637 -11.8450861 0.259542227 4
1674207957.5496459 -6.50681734 7.30094481 0.156272814 5
1674207957.5496459 22.873312 6.21594667 0.252141744 6
1674207957.5496459 -11.610342 5.84349966 0.261283755 7
1674207957.5496459 -4.60872555 16.9165268 0.249720514 8
1674207957.5496459 -5.49036503 -14.4313374 0.180730164 9
1674207957.5496459 4.56083441 22.6225224 0.236898467 10
1674207957.5496459 -13.3835764 20.6811104 0.301667184 11
1674207957.5496459 5.21622372 -26.3074512 0.231982917 12
1674207957.5496459 18.6025372 -20.513958 0.250116706 13
1674207957.5496459 18.3074303 8.86435223 0.212810606 14
1674207957.5496459 -1.32233393 -24.1353359 0.221068025 15
