1687940909.23943806 5.93588829 5.28715086 0.200130388 0
1687940909.23943806 10.2201681 -4.61225891 0.225389093 1
1687940909.23943806 4.78395748 6.73194265 0.116996661 2
1687940909.23943806 -5.53887367 -6.71901178 0.161986172 3
1687940909.23943806 16.5345287 -3.34299278 0.281072706 4
1687940909.23943806 6.27043104 4.15815926 0.106117591 5
1687940909.23943806 0.677659154 10.7025299 0.142722219 6
1687940909.23943806 -5.66370106 5.45282507 0.155107081 7
1687940909.23943806 -9.53062439 10.6926489 0.171826109 8
1687940909.23943806 -3.08892918 -15.6159296 0.150422156 9
