1674207942.72327328 4.27040195 -5.92951536 0.326082259 0
1674207942.72327328 5.87143087 5.32020521 0.193166301 1
1674207942.72327328 9.64782715 -8.64276791 0.313225865 2
1674207942.72327328 -6.76867867 -5.40742922 0.222872823 3
1674207942.72327328 9.9576416 6.38107729 0.198451757 4
1674207942.72327328 0.653822243 -9.83971024 0.247651339 5
1674207942.72327328 0.82712239 5.3028574 0.163978934 6
1674207942.72327328 -5.62619638 8.55593586 0.183830574 7
1674207942.72327328 3.28877664 12.5358 0.231380552 8
1674207942.72327328 -3.37891364 5.9584446 0.144211769 9
1674207942.72327328 -5.20392275 5.33327866 0.0955155492 10
1674207942.72327328 4.59818649 -22.7869797 0.305522382 11
1674207942.72327328 21.2553635 -8.86524868 0.328464299 12
1674207942.72327328 -12.4056082 -11.405201 0.247495234 13
1674207942.72327328 21.5190773 3.37936926 0.257983357 14
1674207942.72327328 5.23714352 -8.93652439 0.143617839 15
1674207942.72327328 5.99863434 7.18464804 0.132279232 16
1674207942.72327328 11.287385 16.895565 0.23782371 17
1674207942.72327328 13.8806791 11.4793129 0.254498392 18
1674207942.72327328 -10.5280533 -17.3855972 0.322144538 19
1674207942.72327328 28.4995403 3.69482255 0.261266142 20
1674207942.72327328 -3.51537108 -13.6912794 0.168061465 21
1674207942.72327328 -9.99249744 4.63966036 0.147538304 22
1674207942.72327328 6.81699276 23.3650341 0.263094813 23
