1674207959.06249428 -3.35472775 5.600173 0.182367966 0
1674207959.06249428 9.44433498 -12.0347834 0.251031876 1
1674207959.06249428 2.28526783 11.2187328 0.243269101 2
1674207959.06249428 17.0908833 5.79880762 0.257468313 3
1674207959.06249428 20.9368629 -7.37016964 0.328436285 4
1674207959.06249428 25.7784977 7.76277828 0.246481016 5
1674207959.06249428 12.2599106 -20.741518 0.252762705 6
1674207959.06249428 -11.9043999 -14.0549049 0.215996459 7
1674207959.06249428 -1.10030019 22.7324238 0.244477883 8
1674207959.06249428 -7.97916508 -23.9035015 0.252710164 9
1674207959.06249428 -15.3634844 -15.8121881 0.199675664 10
1674207959.06249428 -9.9519453 23.8872948 0.271011353 11
