1.67421e+09 8.05497 3.9868 0.311072
1.67421e+09 9.04843 4.49001 0.346382
1.67421e+09 9.04356 4.5008 0.351617
1.67421e+09 8.94352 4.45284 0.347218
1.67421e+09 -2.24623 -7.9552 0.303671
1.67421e+09 9.36446 10.1401 0.250925
1.67421e+09 10.5159 11.4281 0.284454
1.67421e+09 10.4984 11.4264 0.272028
1.67421e+09 10.3709 11.3077 0.2657
1.67421e+09 10.3581 11.2958 0.265068
1.67421e+09 10.3568 11.2946 0.265004
1.67421e+09 0.0598738 10.6947 0.237753
1.67421e+09 0.050872 12.0332 0.268912
1.67421e+09 0.86507 -16.31 0.289328
1.67421e+09 20.8391 -9.48901 0.250522
1.67421e+09 23.4647 -10.6164 0.265446
1.67421e+09 14.7976 5.59591 0.157019
1.67421e+09 16.6559 6.28935 0.184724
1.67421e+09 16.8882 6.37603 0.188187
1.67421e+09 16.6766 6.28654 0.180508
1.67421e+09 16.4654 6.1983 0.173878
