1.67421e+09 6.48208 -5.23151 0.304216
1.67421e+09 -1.24188 -6.58028 0.23464
1.67421e+09 -1.39784 -7.3951 0.267299
1.67421e+09 -1.40643 -7.39458 0.261446
1.67421e+09 4.26622 8.16833 0.202468
1.67421e+09 4.80412 9.19848 0.227305
1.67421e+09 4.80952 9.2101 0.225821
1.67421e+09 4.7633 9.11875 0.221428
1.67421e+09 4.72397 9.0371 0.217712
1.67421e+09 4.68964 8.96741 0.214186
1.67421e+09 4.66603 8.91388 0.212536
1.67421e+09 4.64109 8.86653 0.210754
1.67421e+09 4.62225 8.82467 0.207453
1.67421e+09 4.60946 8.79149 0.205629
1.67421e+09 7.40425 11.3062 0.286132
1.67421e+09 8.3529 12.7413 0.320691
1.67421e+09 8.3662 12.755 0.319252
1.67421e+09 8.28626 12.6258 0.312828
1.67421e+09 8.22025 12.5136 0.307237
1.67421e+09 8.16801 12.4229 0.302754
1.67421e+09 8.12783 12.3494 0.29912
1.67421e+09 8.09538 12.2889 0.294869
1.67421e+09 5.11154 -6.71212 0.196996
1.67421e+09 5.7562 -7.53641 0.215149
1.67421e+09 5.76666 -7.52413 0.213264
1.67421e+09 5.69586 -7.44169 0.20722
1.67421e+09 5.64979 -7.35636 0.20646
1.67421e+09 5.60799 -7.29533 0.204149
1.67421e+09 5.55148 -7.23018 0.204925
1.67421e+09 -2.5709 10.5587 0.284766
1.67421e+09 -2.90233 11.8626 0.319665
1.67421e+09 -2.8997 11.8641 0.316152
1.67421e+09 -2.85643 11.7434 0.31229
1.67421e+09 11.1791 7.34094 0.267919
1.67421e+09 12.5779 8.28456 0.298601
1.67421e+09 12.5788 8.30332 0.295763
1.67421e+09 12.4406 8.2415 0.287925
1.67421e+09 12.3181 8.1875 0.296776
1.67421e+09 12.3069 8.18259 0.297581
1.67421e+09 12.215 8.14476 0.299198
1.67421e+09 -0.158537 -12.1871 0.253996
1.67421e+09 -6.6657 10.0216 0.176989
1.67421e+09 -7.51588 11.262 0.193766
1.67421e+09 -7.62215 11.4171 0.195863
1.67421e+09 -7.52454 11.2704 0.184209
1.67421e+09 -9.52152 -6.41838 0.270395
1.67421e+09 -10.8817 -7.33529 0.309023
1.67421e+09 -11.0761 -7.46628 0.314541
1.67421e+09 15.5376 -8.7275 0.234996
1.67421e+09 17.7572 -9.97429 0.268567
1.67421e+09 -7.87333 14.8427 0.301823
1.67421e+09 -8.85606 16.7052 0.342104
1.67421e+09 -8.8443 16.7094 0.336124
1.67421e+09 -8.73623 16.5213 0.324784
1.67421e+09 -14.9242 15.1198 0.277422
1.67421e+09 -16.7721 17.0276 0.311464
1.67421e+09 18.7867 15.2212 0.251054
