1687940951.70133066 0.74371779 -5.19537163 0.0954056904 0
1687940951.70133066 2.80660439 11.3485775 0.250143319 1
1687940951.70133066 13.7000141 -4.26503515 0.0852373466 2
1687940951.70133066 6.62467384 -11.3386183 0.29730624 3
1687940951.70133066 9.81980991 7.9088273 0.207446679 4
1687940951.70133066 6.207623 3.6153717 0.0989248082 5
1687940951.70133066 -5.92389965 -8.68011665 0.187657043 6
1687940951.70133066 -1.50391543 -12.0974941 0.194316238 7
1687940951.70133066 -2.71427584 -7.35279799 0.103782482 8
1687940951.70133066 1.13989305 -6.89134026 0.0867215097 9
1687940951.70133066 -4.76280212 9.65093231 0.103812993 10
