1674207962.39089727 2.79563689 6.41761208 0.284916371 0
1674207962.39089727 11.610878 8.3419714 0.296215922 1
1674207962.39089727 9.88582993 -12.7114906 0.3283104 2
1674207962.39089727 16.4857674 -7.93011713 0.301680148 3
1674207962.39089727 -1.29201198 8.61298943 0.220772758 4
1674207962.39089727 2.67617655 11.6296558 0.277442366 5
1674207962.39089727 -12.2496433 -10.009593 0.278339058 6
1674207962.39089727 -11.5685043 6.35716629 0.269019246 7
1674207962.39089727 10.7703552 13.2152414 0.237622678 8
1674207962.39089727 -4.57339478 -11.4361382 0.221265271 9
1674207962.39089727 3.90043592 -11.0229454 0.186047852 10
1674207962.39089727 19.1374626 8.31816864 0.205862761 11
1674207962.39089727 23.1616745 8.8829937 0.316255689 12
1674207962.39089727 -11.5204 11.8582907 0.256787032 13
