1687940893.30362701 10.4516993 5.31460047 0.320810139 0
1687940893.30362701 3.21644068 6.14942884 0.158346355 1
1687940893.30362701 0.431783944 -5.21507072 0.137257978 2
1687940893.30362701 -0.544459283 7.61855602 0.161751032 3
1687940893.30362701 7.07675219 -1.18927515 0.187485203 4
1687940893.30362701 -2.74628997 9.77520847 0.145403415 5
1687940893.30362701 -5.35598373 8.63875389 0.185254797 6
1687940893.30362701 2.85668683 -14.8037348 0.250111818 7
1687940893.30362701 -3.46822357 6.50471592 0.097208485 8
1687940893.30362701 -3.70249629 -5.14017248 0.112283811 9
1687940893.30362701 4.63141727 -9.17173958 0.10859181 10
