1.67421e+09 9.59516 -6.43418 0.355391
1.67421e+09 10.8223 -7.23503 0.400332
1.67421e+09 10.8545 -7.23247 0.404264
1.67421e+09 10.7609 -7.14548 0.397618
1.67421e+09 10.6749 -7.06419 0.390419
1.67421e+09 10.5954 -7.00775 0.389694
1.67421e+09 10.5395 -6.95186 0.385263
1.67421e+09 10.4963 -6.90292 0.38139
1.67421e+09 10.4327 -6.86757 0.382203
1.67421e+09 10.4284 -6.86521 0.382257
1.67421e+09 -1.1107 -5.74014 0.252907
1.67421e+09 -1.266 -6.46891 0.28144
1.67421e+09 -1.28228 -6.47791 0.277956
1.67421e+09 -1.27394 -6.41886 0.27904
1.67421e+09 5.9339 -10.2523 0.245301
1.67421e+09 6.68844 -11.5346 0.274985
1.67421e+09 6.70858 -11.5325 0.271757
1.67421e+09 6.6486 -11.4036 0.266297
1.67421e+09 6.60439 -11.2834 0.262651
1.67421e+09 6.52738 -11.1854 0.262164
1.67421e+09 6.26079 4.88312 0.172371
1.67421e+09 7.04174 5.48514 0.187467
1.67421e+09 7.04892 5.47662 0.184935
1.67421e+09 7.04972 5.47568 0.184653
1.67421e+09 6.98004 5.40137 0.177889
1.67421e+09 6.89202 5.34682 0.169838
1.67421e+09 6.84242 5.29089 0.165379
1.67421e+09 6.80771 5.24986 0.166981
1.67421e+09 6.80504 5.24671 0.167104
1.67421e+09 6.77626 5.2034 0.160992
1.67421e+09 11.3737 4.79708 0.202143
1.67421e+09 12.7587 5.39685 0.227301
1.67421e+09 12.7815 5.40268 0.222962
1.67421e+09 12.6816 5.35177 0.224188
1.67421e+09 12.5495 5.29274 0.218041
1.67421e+09 12.4554 5.24673 0.214566
1.67421e+09 12.3722 5.20596 0.210022
1.67421e+09 12.3211 5.18141 0.211107
1.67421e+09 12.2304 5.1528 0.210121
1.67421e+09 2.16854 5.48213 0.107925
1.67421e+09 2.40798 6.18455 0.118117
1.67421e+09 2.39229 6.19568 0.115297
1.67421e+09 2.38579 6.12486 0.110105
1.67421e+09 2.36698 6.07826 0.12057
1.67421e+09 2.35358 6.02526 0.117099
1.67421e+09 2.32219 5.98965 0.115215
1.67421e+09 2.28986 5.95998 0.112425
1.67421e+09 2.27813 5.92895 0.109161
1.67421e+09 2.26116 5.90378 0.107367
1.67421e+09 -6.88582 -11.5993 0.257705
1.67421e+09 -7.75194 -13.0649 0.286485
1.67421e+09 -7.73798 -13.045 0.280509
1.67421e+09 -7.73643 -13.0427 0.279845
1.67421e+09 8.82883 -21.6882 0.221654
1.67421e+09 9.96272 -24.3906 0.23546
1.67421e+09 9.93056 -24.3711 0.230872
1.67421e+09 5.47461 15.7079 0.283806
1.67421e+09 6.13936 17.6616 0.319031
1.67421e+09 6.22246 17.9058 0.323434
1.67421e+09 6.13024 17.6712 0.309836
1.67421e+09 15.3454 5.76308 0.185739
1.67421e+09 17.2375 6.46036 0.214775
1.67421e+09 17.2585 6.47492 0.219055
1.67421e+09 17.1288 6.42701 0.234153
1.67421e+09 16.9972 6.38538 0.22916
1.67421e+09 16.8966 6.35498 0.227128
1.67421e+09 -9.52409 10.9355 0.223305
1.67421e+09 -10.7138 12.3062 0.247375
1.67421e+09 -10.7007 12.338 0.247569
1.67421e+09 -10.5556 12.2295 0.236951
1.67421e+09 0.000790914 8.23172 0.167154
1.67421e+09 -5.99777 14.8029 0.234788
1.67421e+09 -6.76382 16.6298 0.268244
1.67421e+09 -6.74928 16.6496 0.267842
1.67421e+09 2.03817 -14.0446 0.173365
1.67421e+09 2.2768 -15.8145 0.20141
1.67421e+09 2.24523 -15.8305 0.204132
1.67421e+09 2.20042 -15.6579 0.197486
1.67421e+09 -10.5502 6.72534 0.198474
1.67421e+09 -11.9004 7.55297 0.220983
1.67421e+09 -4.98325 -17.594 0.316684
1.67421e+09 16.9517 16.3173 0.238119
1.67421e+09 19.491 10.8884 0.269963
