1674207086.42396712 9.81088924 -6.89799452 0.37997523 0
1674207086.42396712 5.38823795 5.09617329 0.221042812 1
1674207086.42396712 -0.335973173 -8.17287636 0.227021366 2
1674207086.42396712 2.71721888 -14.9471674 0.290235072 3
1674207086.42396712 5.17733049 6.05917788 0.11751949 4
1674207086.42396712 15.3015242 5.73203754 0.174052358 5
1674207086.42396712 6.55896378 12.1427813 0.168082073 6
1674207086.42396712 4.46847582 15.651823 0.228450179 7
1674207086.42396712 0.00136625767 -20.6657963 0.255301923 8
1674207086.42396712 21.3995037 3.48209238 0.148616314 9
