1.67421e+09 9.99761 -5.43437 0.308465
1.67421e+09 11.2472 -6.10863 0.344575
1.67421e+09 11.2626 -6.08085 0.344095
1.67421e+09 11.2643 -6.07776 0.344041
1.67421e+09 11.157 -5.97568 0.336432
1.67421e+09 11.1463 -5.96547 0.335671
1.67421e+09 8.83696 3.31397 0.233688
1.67421e+09 9.93377 3.7454 0.26383
1.67421e+09 10.0709 3.79932 0.267598
1.67421e+09 9.96627 3.76178 0.278863
1.67421e+09 9.8251 3.73099 0.27135
1.67421e+09 9.74115 3.67242 0.265127
1.67421e+09 9.64775 3.65063 0.259143
1.67421e+09 9.57904 3.61601 0.252059
1.67421e+09 9.51222 3.60023 0.246544
1.67421e+09 9.50745 3.5991 0.24615
1.67421e+09 1.90653 -10.8587 0.283722
1.67421e+09 2.16048 -12.2221 0.315977
1.67421e+09 2.19009 -12.2423 0.319732
1.67421e+09 2.17742 -12.1079 0.310704
1.67421e+09 2.16593 -11.9875 0.303925
1.67421e+09 2.15809 -11.8861 0.298528
1.67421e+09 2.15503 -11.8068 0.294857
1.67421e+09 2.15109 -11.7356 0.289916
1.67421e+09 2.15646 -11.6757 0.283223
1.67421e+09 2.16253 -11.6267 0.2788
1.67421e+09 -4.04452 8.41689 0.320654
1.67421e+09 -4.55047 9.47035 0.355815
1.67421e+09 -4.55119 9.47497 0.351114
1.67421e+09 -4.50134 9.37395 0.340781
1.67421e+09 -4.45626 9.28106 0.332175
1.67421e+09 -4.41766 9.18914 0.328944
1.67421e+09 -4.3864 9.10433 0.322968
1.67421e+09 0.976971 -7.69192 0.245781
1.67421e+09 1.08674 -8.65122 0.271565
1.67421e+09 1.09011 -8.64842 0.268305
1.67421e+09 1.05822 -8.55254 0.261083
1.67421e+09 1.02671 -8.46673 0.252792
1.67421e+09 18.2928 -12.7925 0.328443
1.67421e+09 20.9061 -14.6201 0.375363
1.67421e+09 21.2794 -14.8811 0.382066
1.67421e+09 21.0159 -14.6904 0.382002
1.67421e+09 -7.95152 12.1948 0.274467
1.67421e+09 -8.92576 13.7313 0.308944
1.67421e+09 -9.04754 13.9234 0.313253
1.67421e+09 3.28826 16.3299 0.303994
1.67421e+09 3.6954 18.3723 0.336818
1.67421e+09 3.69359 18.3673 0.328128
1.67421e+09 11.553 -17.2936 0.248476
1.67421e+09 12.9987 -19.455 0.288459
1.67421e+09 13.043 -19.4491 0.277128
1.67421e+09 13.0479 -19.4484 0.275869
1.67421e+09 13.0484 -19.4483 0.275729
1.67421e+09 22.442 3.82947 0.250156
1.67421e+09 25.2819 4.30093 0.284935
1.67421e+09 25.323 4.29258 0.276892
1.67421e+09 25.0888 4.24119 0.272673
1.67421e+09 24.8727 4.19189 0.262547
1.67421e+09 24.6683 4.13136 0.264115
1.67421e+09 -14.5804 -11.6039 0.270227
1.67421e+09 -16.3882 -13.0507 0.295063
1.67421e+09 -16.3999 -13.0444 0.284892
1.67421e+09 -16.2119 -12.9006 0.286084
1.67421e+09 -10.9597 8.99605 0.18738
1.67421e+09 -12.3219 10.1206 0.208759
1.67421e+09 13.7359 6.85804 0.148986
