1674207087.33175516 9.44206333 -6.87281322 0.378844559 0
1674207087.33175516 -0.695053935 -8.14998341 0.229187563 1
1674207087.33175516 2.35365152 -14.9218931 0.293391675 2
1674207087.33175516 4.81689501 6.11404037 0.1058442 3
1674207087.33175516 14.9575701 5.77300596 0.173403755 4
1674207087.33175516 18.7271919 -12.4308739 0.289207041 5
1674207087.33175516 4.80248404 5.07139111 0.131620765 6
1674207087.33175516 16.0179405 10.1786261 0.202448845 7
1674207087.33175516 6.20793247 12.1633282 0.160302863 8
1674207087.33175516 -0.362749279 -20.6503963 0.270008743 9
1674207087.33175516 21.0543613 3.49699974 0.15773502 10
1674207087.33175516 -4.83404684 -9.19888306 0.10984838 11
