1687940957.95463872 8.38560009 -4.74125195 0.21661216 0
1687940957.95463872 -0.793747365 -8.6582489 0.251837045 1
1687940957.95463872 -0.902026594 -7.95708466 0.0978503227 2
1687940957.95463872 -7.62012386 10.0468349 0.221941635 3
1687940957.95463872 -7.40727901 -8.21758938 0.179378599 4
1687940957.95463872 -0.854902744 7.1851573 0.117246516 5
1687940957.95463872 0.885218441 5.95293427 0.147774562 6
1687940957.95463872 5.2277565 -4.64475489 0.0800161213 7
1687940957.95463872 0.517928779 9.66661263 0.142571434 8
1687940957.95463872 11.370429 3.53448057 0.111707762 9
1687940957.95463872 -5.15327978 -20.9330387 0.208562687 10
1687940957.95463872 -9.40693092 -13.8836412 0.165996283 11
