1.67421e+09 4.66715 -5.30944 0.292234
1.67421e+09 2.55101 8.2595 0.195443
1.67421e+09 5.74021 11.3902 0.279072
1.67421e+09 9.41535 7.44633 0.255668
1.67421e+09 -4.33773 10.5681 0.267461
1.67421e+09 3.23601 -6.64938 0.164522
1.67421e+09 13.7209 -8.7528 0.243931
1.67421e+09 14.67 -12.0498 0.269107
1.67421e+09 -2.04754 -12.1529 0.252606
1.67421e+09 22.697 -6.62177 0.282679
1.67421e+09 -8.39125 9.99146 0.201459
1.67421e+09 -9.59307 14.9103 0.293484
1.67421e+09 17.0625 15.1515 0.285313
1.67421e+09 21.8348 1.91855 0.215375
1.67421e+09 2.39751 21.4834 0.256779
1.67421e+09 -10.9433 -17.6784 0.308682
1.67421e+09 -16.6483 15.2141 0.277208
1.67421e+09 -17.0441 15.2511 0.267602
