1687940901.06980944 7.00122404 -2.3958869 0.3123568 0
1687940901.06980944 3.97509885 -7.35849237 0.263692528 1
1687940901.06980944 1.39746654 9.23043442 0.194812372 2
1687940901.06980944 5.79305029 3.86716938 0.110050224 3
1687940901.06980944 -3.93079233 5.89252329 0.192881495 4
1687940901.06980944 -4.88331318 -12.7778339 0.248503804 5
1687940901.06980944 10.5388565 8.23355389 0.136959404 6
1687940901.06980944 6.18902016 9.18975258 0.145183057 7
1687940901.06980944 5.52432251 -4.06808853 0.08222197 8
1687940901.06980944 9.87596798 -1.13116992 0.159720778 9
