1674207952.20410275 7.22521496 4.76162481 0.252221853 0
1674207952.20410275 -7.86090088 -7.75852489 0.310437649 1
1674207952.20410275 11.2975817 -7.47878504 0.244050264 2
1674207952.20410275 -7.12032938 4.28905392 0.265790582 3
1674207952.20410275 6.78151178 -8.82756138 0.1456137 4
1674207952.20410275 8.99499893 -8.44679832 0.141431451 5
1674207952.20410275 12.3617392 6.57805014 0.150559053 6
1674207952.20410275 -6.9302063 12.3984747 0.222252339 7
1674207952.20410275 6.25415468 6.58311892 0.0968800187 8
1674207952.20410275 11.4687405 -17.1515942 0.156853259 9
1674207952.20410275 -3.91059232 15.8848028 0.221253112 10
1674207952.20410275 -4.3823452 -10.3687611 0.142026559 11
1674207952.20410275 -10.187829 -7.78138685 0.169074684 12
1674207952.20410275 7.82626534 7.06416512 0.128352225 13
1674207952.20410275 13.04741 16.2750454 0.251410156 14
1674207952.20410275 21.3497105 5.54395914 0.21612516 15
1674207952.20410275 26.7673492 6.25466204 0.320138514 16
