1.67421e+09 5.98856 -8.53208 0.371535
1.67421e+09 6.7055 -9.59326 0.410292
1.67421e+09 6.73249 -9.58742 0.403745
1.67421e+09 6.73549 -9.58677 0.403018
1.67421e+09 6.66129 -9.47282 0.393157
1.67421e+09 6.65387 -9.46142 0.392171
1.67421e+09 6.55965 3.55424 0.241784
1.67421e+09 7.365 3.98949 0.271063
1.67421e+09 7.3668 3.98994 0.271174
1.67421e+09 7.29787 3.95766 0.263852
1.67421e+09 7.22822 3.92033 0.262116
1.67421e+09 7.17234 3.88965 0.255788
1.67421e+09 7.12722 3.86713 0.24985
1.67421e+09 7.09674 3.85454 0.246938
1.67421e+09 7.07278 3.84539 0.244513
1.67421e+09 7.04109 3.83048 0.24447
1.67421e+09 -5.62421 -7.9118 0.268778
1.67421e+09 -6.3622 -8.88011 0.3011
1.67421e+09 -6.38743 -8.87509 0.306551
1.67421e+09 -6.34292 -8.75657 0.300627
1.67421e+09 10.8238 -6.08539 0.332535
1.67421e+09 12.1779 -6.82131 0.365407
1.67421e+09 12.1714 -6.80347 0.363953
1.67421e+09 12.1707 -6.80149 0.363791
1.67421e+09 12.0654 -6.72225 0.361256
1.67421e+09 12.0549 -6.71433 0.361002
1.67421e+09 -5.19704 7.10487 0.224573
1.67421e+09 -5.83393 8.00289 0.252983
1.67421e+09 -5.80743 8.01245 0.251385
1.67421e+09 -5.73781 7.92757 0.246608
1.67421e+09 -5.6643 7.85103 0.241286
1.67421e+09 -5.58757 7.78466 0.232733
1.67421e+09 13.6372 3.73751 0.272849
1.67421e+09 15.3516 4.20829 0.30624
1.67421e+09 15.3641 4.21688 0.303772
1.67421e+09 15.2106 4.18084 0.297338
1.67421e+09 15.0322 4.13205 0.291233
1.67421e+09 14.92 4.1055 0.287282
1.67421e+09 14.832 4.08624 0.282323
1.67421e+09 14.7245 4.05403 0.282664
1.67421e+09 14.6272 4.02389 0.283646
1.67421e+09 3.51327 -8.61185 0.210279
1.67421e+09 3.94497 -9.70156 0.232724
1.67421e+09 3.9412 -9.68874 0.221643
1.67421e+09 3.89561 -9.56257 0.216041
1.67421e+09 3.87042 -9.42243 0.212925
1.67421e+09 3.835 -9.32349 0.206087
1.67421e+09 3.78647 -9.23823 0.208473
1.67421e+09 3.75822 -9.19083 0.20185
1.67421e+09 3.73231 -9.16476 0.207575
1.67421e+09 6.32487 11.7135 0.275967
1.67421e+09 7.11844 13.1784 0.308246
1.67421e+09 7.12738 13.1807 0.307371
1.67421e+09 7.05784 13.0349 0.299832
1.67421e+09 6.99766 12.9032 0.289426
1.67421e+09 6.948 12.7944 0.282452
1.67421e+09 6.90972 12.7014 0.271378
1.67421e+09 -0.85275 12.1348 0.261149
1.67421e+09 -0.975231 13.6629 0.29497
1.67421e+09 -0.982931 13.6703 0.297113
1.67421e+09 -0.979035 13.5256 0.294616
1.67421e+09 -10.9391 -4.98492 0.341172
1.67421e+09 -12.2936 -5.61029 0.365193
1.67421e+09 -12.463 -5.68846 0.368196
1.67421e+09 -12.4841 -5.69824 0.368572
1.67421e+09 -12.3262 -5.60977 0.353505
1.67421e+09 20.9616 4.23862 0.245761
1.67421e+09 23.6249 4.76496 0.279412
1.67421e+09 23.6119 4.76845 0.281256
1.67421e+09 23.3812 4.71076 0.274757
1.67421e+09 23.1811 4.65899 0.26922
1.67421e+09 23.0233 4.61778 0.265208
1.67421e+09 22.8957 4.58186 0.258277
1.67421e+09 9.21555 -11.0472 0.224078
1.67421e+09 10.3733 -12.4328 0.254412
1.67421e+09 10.3938 -12.4307 0.244912
1.67421e+09 10.2999 -12.293 0.232651
1.67421e+09 10.2032 -12.1489 0.226696
1.67421e+09 9.31777 15.2204 0.255272
1.67421e+09 10.4856 17.1198 0.281857
1.67421e+09 10.4957 17.1328 0.280193
1.67421e+09 10.4969 17.1342 0.280008
1.67421e+09 -0.239612 -11.7861 0.16003
1.67421e+09 -0.295465 -13.2438 0.174817
1.67421e+09 -0.268752 -13.2458 0.177987
1.67421e+09 -0.236684 -13.1013 0.176217
1.67421e+09 0.485037 6.55072 0.116448
1.67421e+09 0.541604 7.36903 0.12749
1.67421e+09 -9.05985 6.26182 0.212354
1.67421e+09 -3.27889 17.6474 0.252051
1.67421e+09 -3.70442 19.8662 0.285643
1.67421e+09 -3.72305 19.8845 0.293832
1.67421e+09 -11.491 13.5653 0.294652
1.67421e+09 -13.1326 15.5032 0.336745
1.67421e+09 -3.61118 -17.3811 0.238309
1.67421e+09 -4.12706 -19.8641 0.272353
1.67421e+09 -14.6211 -8.75769 0.241835
