1687940920.53570652 8.77392483 -2.84149623 0.25875321 0
1687940920.53570652 4.64920282 6.03452349 0.202921212 1
1687940920.53570652 -4.75998116 -5.50939274 0.214475304 2
1687940920.53570652 -2.2747016 8.49319744 0.196235538 3
1687940920.53570652 5.74718571 -3.25293064 0.120027699 4
1687940920.53570652 5.83403015 11.411356 0.19303304 5
1687940920.53570652 4.63348341 -12.2326365 0.190913543 6
1687940920.53570652 9.42021275 5.98925734 0.150707781 7
1687940920.53570652 16.1329155 -3.5412302 0.223793566 8
1687940920.53570652 8.69976234 -5.97199345 0.142320886 9
1687940920.53570652 -6.12141514 -7.99533415 0.143559158 10
1687940920.53570652 15.2393942 4.86247301 0.154732689 11
