1674207939.69744587 6.645401 -10.2846155 0.247213602 0
1674207939.69744587 10.3564472 -6.41859102 0.337691724 1
1674207939.69744587 -0.534051895 -5.7867341 0.252678365 2
1674207939.69744587 6.91711044 4.78284311 0.146290079 3
1674207939.69744587 12.0910892 4.80728292 0.211576119 4
1674207939.69744587 2.7527976 5.51887798 0.121448956 5
1674207939.69744587 0.609861851 8.26142693 0.213020131 6
1674207939.69744587 -6.3066926 -11.6311674 0.260303944 7
1674207939.69744587 6.08223963 15.6619568 0.293720692 8
1674207939.69744587 -8.86889553 10.9877377 0.216267511 9
1674207939.69744587 2.52184582 -14.1001339 0.164231315 10
1674207939.69744587 -5.38425255 14.8252888 0.264945626 11
1674207939.69744587 -4.45017624 -17.6113625 0.287882984 12
1674207939.69744587 15.9846973 5.75385427 0.211308777 13
1674207939.69744587 -9.91603374 6.69904757 0.169903934 14
1674207939.69744587 17.8600941 -18.6698494 0.224502698 15
1674207939.69744587 9.65987396 12.1365356 0.226355076 16
1674207939.69744587 17.5918388 16.3234215 0.258838832 17
1674207939.69744587 1.23237336 11.4341135 0.0897632465 18
