1674207967.53473425 1.6050663 -6.69671488 0.239060953 0
1674207967.53473425 -6.79617214 -6.60047531 0.341865093 1
1674207967.53473425 9.428442 -5.22546768 0.311508864 2
1674207967.53473425 7.00251007 8.20332432 0.190579176 3
1674207967.53473425 0.120143056 10.4719944 0.268141687 4
1674207967.53473425 -11.3841257 10.0062895 0.336966842 5
1674207967.53473425 13.8727112 7.5213666 0.249628782 6
1674207967.53473425 -3.93469286 9.85416508 0.18884638 7
1674207967.53473425 -5.21878529 14.6900005 0.279029995 8
1674207967.53473425 10.150341 11.3787737 0.260432094 9
1674207967.53473425 5.96438169 -12.468935 0.127867073 10
1674207967.53473425 -12.3046551 14.8985815 0.282188058 11
1674207967.53473425 6.74884176 21.5097523 0.223397344 12
