1687940899.35519886 1.36467183 -7.75482178 0.219498113 0
1687940899.35519886 -0.321054548 9.03336716 0.191413879 1
1687940899.35519886 -4.30536842 10.8483524 0.2579633 2
1687940899.35519886 2.14151287 -9.45409679 0.27534771 3
1687940899.35519886 1.72245502 7.02697897 0.13263014 4
1687940899.35519886 7.67379427 -1.67882645 0.0812239647 5
1687940899.35519886 4.55568457 8.88087177 0.167023808 6
1687940899.35519886 -7.5260601 -12.7182732 0.260619044 7
1687940899.35519886 5.62290239 16.6826878 0.291974932 8
1687940899.35519886 7.46470928 -3.77791023 0.124452792 9
