1.67421e+09 7.86111 3.97999 0.331386
1.67421e+09 8.84469 4.47279 0.369688
1.67421e+09 8.83912 4.47295 0.364437
1.67421e+09 8.73196 4.42625 0.356334
1.67421e+09 8.63687 4.38352 0.348473
1.67421e+09 8.54609 4.34433 0.333676
1.67421e+09 -2.3896 -7.86277 0.327416
1.67421e+09 -2.70857 -8.8641 0.362166
1.67421e+09 -2.71909 -8.87007 0.357054
1.67421e+09 3.41953 -5.99071 0.24384
1.67421e+09 3.78661 -6.77109 0.256163
1.67421e+09 9.16262 10.1183 0.238928
1.67421e+09 10.2936 11.4011 0.273824
1.67421e+09 10.2783 11.4174 0.275274
1.67421e+09 10.1545 11.3102 0.281677
1.67421e+09 10.042 11.1889 0.275174
1.67421e+09 9.94571 11.0968 0.268202
1.67421e+09 -0.162958 10.6899 0.23146
1.67421e+09 6.59372 11.2462 0.153821
1.67421e+09 7.41044 12.6603 0.173512
1.67421e+09 7.39895 12.6326 0.185617
1.67421e+09 20.5171 -9.65023 0.269381
1.67421e+09 23.1285 -10.802 0.297068
1.67421e+09 23.1632 -10.7365 0.285145
1.67421e+09 22.8735 -10.5926 0.27837
1.67421e+09 22.6611 -10.4816 0.288459
1.67421e+09 14.5864 5.53946 0.144216
1.67421e+09 16.4069 6.22209 0.159992
1.67421e+09 16.4027 6.21264 0.153717
