1687940937.68185377 1.49952447 -5.96165562 0.303904027 0
1687940937.68185377 5.02410173 -5.29901648 0.175706208 1
1687940937.68185377 9.77506447 -3.36867571 0.205514967 2
1687940937.68185377 5.24155426 3.35672927 0.123647615 3
1687940937.68185377 -7.1360364 8.54328823 0.193647832 4
1687940937.68185377 13.3291826 4.102314 0.24173753 5
1687940937.68185377 8.60754299 -12.1832924 0.208693177 6
1687940937.68185377 -4.19885063 5.56687117 0.0995599255 7
1687940937.68185377 -5.21678877 -10.9086037 0.132875323 8
1687940937.68185377 -6.31848574 -9.46219063 0.164398476 9
