1.67421e+09 4.66808 7.70475 0.275137
1.67421e+09 8.86972 -8.4816 0.237154
1.67421e+09 9.91994 -11.7099 0.289158
1.67421e+09 -1.49384 -6.39582 0.182869
1.67421e+09 18.0793 -6.24273 0.285534
1.67421e+09 1.01298 11.6776 0.257274
1.67421e+09 -9.56877 10.7558 0.267045
1.67421e+09 -7.87872 -6.28052 0.207112
1.67421e+09 0.673788 -7.53346 0.286074
1.67421e+09 -6.778 -11.9789 0.288823
1.67421e+09 17.061 2.3119 0.203864
1.67421e+09 12.2564 15.3955 0.293259
1.67421e+09 26.2159 -14.1181 0.292028
1.67421e+09 -14.8036 15.0994 0.29061
1.67421e+09 2.18006 5.31669 0.119388
1.67421e+09 -21.8687 15.3466 0.273802
