1687940916.90476012 0.426125556 5.58260441 0.187154755 0
1687940916.90476012 11.3929691 -4.86183167 0.231703922 1
1687940916.90476012 3.62689328 -6.78392076 0.138828173 2
1687940916.90476012 -6.21279192 8.49757481 0.189211175 3
1687940916.90476012 1.99786472 10.8210373 0.205472901 4
1687940916.90476012 10.7814493 3.61468792 0.178494275 5
1687940916.90476012 5.25623083 5.15615654 0.159163341 6
1687940916.90476012 -0.907268524 -12.7057524 0.166565776 7
1687940916.90476012 16.7705936 3.551476 0.210165724 8
1687940916.90476012 12.236371 9.51883507 0.122340642 9
