1687940927.69676328 7.18785048 2.6809423 0.208913714 0
1687940927.69676328 3.4150281 -5.51405096 0.230406284 1
1687940927.69676328 6.03892469 8.4478426 0.22656998 2
1687940927.69676328 8.10941219 -2.64274716 0.174934015 3
1687940927.69676328 -3.40024662 -12.0927877 0.251046538 4
1687940927.69676328 2.5987885 16.2968254 0.244315773 5
1687940927.69676328 16.9500141 -2.83784938 0.257973731 6
1687940927.69676328 12.9132948 6.05629587 0.190673918 7
1687940927.69676328 1.00831246 8.73820305 0.111881904 8
1687940927.69676328 14.021224 -3.22563267 0.167810529 9
