1.67421e+09 1.96803 -7.07072 0.285878
1.67421e+09 -7.57059 -6.0281 0.315117
1.67421e+09 8.7077 9.72329 0.329763
1.67421e+09 4.62765 9.14504 0.174874
1.67421e+09 -5.1744 -11.88 0.345085
1.67421e+09 11.5319 -12.9416 0.297346
1.67421e+09 3.44548 13.9243 0.253272
1.67421e+09 10.4016 -7.23619 0.187129
1.67421e+09 2.73949 -18.6028 0.321858
1.67421e+09 15.7578 7.55641 0.20044
1.67421e+09 -11.7634 12.5233 0.286699
1.67421e+09 -10.6534 -10.1766 0.170512
1.67421e+09 19.0083 10.789 0.258267
1.67421e+09 22.5854 6.93636 0.226214
1.67421e+09 1.20835 -17.9409 0.17842
1.67421e+09 15.4354 20.7294 0.243524
