1687940913.57640958 7.09543657 -4.31177568 0.225497827 0
1687940913.57640958 -4.10097456 5.72316122 0.241873577 1
1687940913.57640958 6.17726135 4.14373159 0.187079281 2
1687940913.57640958 12.3454437 4.30366087 0.21151197 3
1687940913.57640958 9.90558815 -5.1477356 0.124081202 4
1687940913.57640958 -0.272232205 -6.60602283 0.1697236 5
1687940913.57640958 9.46472836 1.76504099 0.156496629 6
1687940913.57640958 -4.62872601 -12.7334681 0.165753305 7
1687940913.57640958 12.3858337 3.200984 0.161666006 8
1687940913.57640958 7.29808474 10.1589451 0.13561368 9
1687940913.57640958 1.42431104 -15.739995 0.150987774 10
