1674207975.60349798 2.17381501 -12.2258224 0.349775195 0
1674207975.60349798 6.64920568 4.28934622 0.250177473 1
1674207975.60349798 -6.03810501 -4.49447489 0.301644742 2
1674207975.60349798 7.60048914 10.4858093 0.262158066 3
1674207975.60349798 13.1464233 -8.67983627 0.263057977 4
1674207975.60349798 -6.91994143 4.52265644 0.198405027 5
1674207975.60349798 -1.97835791 7.82595158 0.221216083 6
1674207975.60349798 1.29886842 12.0299015 0.250953883 7
1674207975.60349798 16.3036194 -17.2483978 0.326715648 8
1674207975.60349798 -3.7673111 6.23807526 0.15284501 9
1674207975.60349798 3.5161202 -14.2129879 0.182239115 10
1674207975.60349798 -5.046772 -16.2627983 0.243726894 11
1674207975.60349798 -15.1393557 -6.07833147 0.242274553 12
1674207975.60349798 1.34204733 9.05709553 0.0906241238 13
