1.67421e+09 1.56227 -8.37125 0.33743
1.67421e+09 1.75421 -9.41956 0.380515
1.67421e+09 1.72957 -9.39285 0.373303
1.67421e+09 1.71211 -9.28261 0.362809
1.67421e+09 1.94523 6.82271 0.230718
1.67421e+09 2.19982 7.68521 0.265886
1.67421e+09 2.18804 7.67572 0.262996
1.67421e+09 2.15271 7.56958 0.249911
1.67421e+09 2.11332 7.46593 0.236025
1.67421e+09 2.10973 7.45651 0.234763
1.67421e+09 2.07929 7.38909 0.233052
1.67421e+09 -2.14476 5.82418 0.248869
1.67421e+09 -2.40619 6.5427 0.272816
1.67421e+09 -2.39469 6.53242 0.265248
1.67421e+09 13.0302 -8.55394 0.349924
1.67421e+09 14.7063 -9.62297 0.392313
1.67421e+09 14.9158 -9.7566 0.397612
1.67421e+09 14.942 -9.77331 0.398274
1.67421e+09 14.779 -9.63515 0.383238
1.67421e+09 14.7609 -9.6198 0.381568
1.67421e+09 14.6421 -9.5095 0.379717
1.67421e+09 13.3932 3.52253 0.266978
1.67421e+09 15.079 3.9753 0.297192
1.67421e+09 15.0876 3.98842 0.293096
1.67421e+09 14.9025 3.92949 0.291838
1.67421e+09 14.7638 3.9075 0.285757
1.67421e+09 14.653 3.89519 0.279811
1.67421e+09 14.5641 3.88855 0.273932
1.67421e+09 14.4905 3.88514 0.26819
1.67421e+09 14.4852 3.8849 0.26778
1.67421e+09 5.94143 11.9039 0.268036
1.67421e+09 6.69045 13.3818 0.299599
1.67421e+09 6.69033 13.38 0.296973
1.67421e+09 6.61731 13.2232 0.29067
1.67421e+09 6.55505 13.0804 0.286957
1.67421e+09 6.5049 12.9615 0.282554
1.67421e+09 6.78633 -11.8974 0.182887
1.67421e+09 7.66898 -13.3984 0.202411
1.67421e+09 7.70549 -13.4093 0.199851
1.67421e+09 7.65967 -13.2704 0.1962
1.67421e+09 7.59303 -13.1392 0.190737
1.67421e+09 7.54707 -13.0356 0.189186
1.67421e+09 7.51557 -12.9493 0.18906
1.67421e+09 7.47169 -12.8757 0.186879
1.67421e+09 7.45283 -12.8138 0.184328
1.67421e+09 7.43923 -12.7608 0.180137
1.67421e+09 17.9264 -5.96102 0.322992
1.67421e+09 20.4873 -6.8126 0.369134
1.67421e+09 10.6323 -8.63731 0.185705
1.67421e+09 11.961 -9.72353 0.199804
1.67421e+09 11.9675 -9.7172 0.201619
1.67421e+09 11.9683 -9.71649 0.201821
1.67421e+09 11.8407 -9.6222 0.195172
1.67421e+09 11.721 -9.4825 0.185452
1.67421e+09 11.7102 -9.46981 0.184568
1.67421e+09 -7.44425 -9.37919 0.233307
1.67421e+09 -8.40516 -10.5444 0.268396
1.67421e+09 -8.42132 -10.5491 0.2761
1.67421e+09 -8.42312 -10.5497 0.276955
1.67421e+09 20.4217 3.89378 0.270321
1.67421e+09 22.9895 4.39189 0.30126
1.67421e+09 23.0063 4.40428 0.297828
1.67421e+09 22.7398 4.34946 0.295782
1.67421e+09 22.5199 4.3168 0.289686
1.67421e+09 22.3162 4.26971 0.291748
1.67421e+09 22.1674 4.25137 0.284012
1.67421e+09 22.0486 4.24016 0.279023
1.67421e+09 7.33704 6.22895 0.126638
1.67421e+09 8.26995 7.02321 0.139449
1.67421e+09 8.28192 7.03834 0.134626
1.67421e+09 8.20396 6.97146 0.134285
1.67421e+09 8.12632 6.90229 0.12899
1.67421e+09 8.07057 6.84794 0.134039
1.67421e+09 8.0106 6.79845 0.131477
1.67421e+09 7.96572 6.76409 0.129213
1.67421e+09 7.92502 6.71936 0.124076
1.67421e+09 -7.47474 5.76334 0.132589
1.67421e+09 -8.40232 6.48472 0.165799
1.67421e+09 -8.43519 6.51027 0.173165
1.67421e+09 -8.31927 6.40706 0.1616
1.67421e+09 3.39432 17.2606 0.228705
1.67421e+09 3.80397 19.4304 0.255274
1.67421e+09 3.79265 19.452 0.26676
1.67421e+09 13.2902 11.748 0.311499
1.67421e+09 14.9406 13.2059 0.337505
1.67421e+09 14.8878 13.194 0.326837
1.67421e+09 14.7302 13.0531 0.314801
1.67421e+09 16.1509 15.3002 0.258067
1.67421e+09 18.4582 17.4859 0.294934
1.67421e+09 18.4827 17.5157 0.309864
1.67421e+09 18.2352 17.3009 0.298302
1.67421e+09 -11.6836 -13.3015 0.212024
1.67421e+09 -13.1361 -14.9657 0.247375
1.67421e+09 -1.94742 7.54658 0.0845723
1.67421e+09 -2.19092 8.49101 0.0919133
1.67421e+09 27.8924 4.57085 0.230718
1.67421e+09 31.4134 5.14021 0.257739
1.67421e+09 31.4524 5.14003 0.256632
