1687940890.37869835 1.94314718 6.27188253 0.176568881 0
1687940890.37869835 8.95772076 5.4147954 0.319117218 1
1687940890.37869835 -0.672721624 -5.16224766 0.121196352 2
1687940890.37869835 -1.8575362 7.75975227 0.222953305 3
1687940890.37869835 5.68409204 -1.12814653 0.158218816 4
1687940890.37869835 8.18065834 3.64746141 0.306693494 5
1687940890.37869835 6.11018562 -5.19346333 0.210864425 6
1687940890.37869835 1.99609447 -14.7626209 0.232958078 7
1687940890.37869835 -6.62892866 8.58912659 0.165877476 8
1687940890.37869835 -4.85435963 6.47248411 0.122685112 9
1687940890.37869835 -1.64320672 14.464242 0.149239227 10
