1.67421e+09 3.82323 -7.42071 0.306722
1.67421e+09 4.33162 -8.3301 0.343474
1.67421e+09 4.39517 -8.44377 0.348068
1.67421e+09 4.40312 -8.45798 0.348642
1.67421e+09 4.34369 -8.28029 0.345179
1.67421e+09 4.33708 -8.26054 0.344795
1.67421e+09 -5.86796 -6.13124 0.310468
1.67421e+09 6.55602 9.01434 0.212004
1.67421e+09 7.33932 10.1398 0.228709
1.67421e+09 7.31611 10.1407 0.220772
1.67421e+09 7.22564 10.0209 0.208788
1.67421e+09 7.12614 9.92033 0.203648
1.67421e+09 7.04752 9.8341 0.195601
1.67421e+09 10.5392 9.64447 0.340703
1.67421e+09 12.0448 11.0222 0.389375
1.67421e+09 12.2599 11.2191 0.396328
1.67421e+09 12.0572 11.0358 0.391627
1.67421e+09 11.8701 10.864 0.381964
1.67421e+09 11.7334 10.7256 0.379066
1.67421e+09 11.6263 10.6221 0.376438
1.67421e+09 -3.37791 -12.0209 0.359915
1.67421e+09 -3.77737 -13.5138 0.400344
1.67421e+09 -3.78906 -13.5054 0.40474
1.67421e+09 5.20322 13.8176 0.263929
1.67421e+09 5.86105 15.5431 0.296305
1.67421e+09 5.86923 15.5378 0.293246
1.67421e+09 5.81262 15.3607 0.286368
1.67421e+09 5.76628 15.2017 0.280323
1.67421e+09 5.72588 15.0717 0.277097
1.67421e+09 5.72252 15.0609 0.276828
1.67421e+09 4.46071 -18.7161 0.313962
1.67421e+09 5.06153 -21.0535 0.347769
1.67421e+09 5.11318 -21.046 0.34333
1.67421e+09 5.10613 -20.8067 0.34007
1.67421e+09 5.03013 -20.5865 0.329509
1.67421e+09 4.96387 -20.4135 0.326357
1.67421e+09 4.93325 -20.2725 0.326871
1.67421e+09 4.93089 -20.2617 0.326911
1.67421e+09 13.1775 -13.0634 0.288474
1.67421e+09 15.06 -14.9296 0.329684
1.67421e+09 15.0738 -14.9201 0.313814
1.67421e+09 15.0755 -14.9189 0.31183
1.67421e+09 15.0757 -14.9188 0.311582
1.67421e+09 15.0757 -14.9187 0.311551
1.67421e+09 15.0757 -14.9187 0.311547
1.67421e+09 12.1364 -7.39541 0.199966
1.67421e+09 13.6485 -8.29371 0.21979
1.67421e+09 -9.94075 12.4212 0.271028
1.67421e+09 -11.3609 14.1957 0.309746
1.67421e+09 -9.73299 7.16288 0.26981
1.67421e+09 17.459 7.40686 0.20291
1.67421e+09 19.6416 8.34001 0.224976
1.67421e+09 19.6592 8.33719 0.219368
1.67421e+09 19.4682 8.23956 0.21284
1.67421e+09 19.2708 8.15597 0.206788
1.67421e+09 19.1154 8.08998 0.207423
1.67421e+09 19.0041 8.0295 0.204986
1.67421e+09 20.7714 10.6483 0.272527
1.67421e+09 23.3381 11.9686 0.307094
1.67421e+09 23.3593 11.9661 0.302906
1.67421e+09 23.1318 11.8356 0.298626
1.67421e+09 22.9296 11.7179 0.294456
1.67421e+09 24.3445 6.75594 0.249156
1.67421e+09 27.8223 7.72107 0.28475
1.67421e+09 27.8354 7.72723 0.280224
1.67421e+09 27.4644 7.62351 0.271414
1.67421e+09 -8.78511 -10.2335 0.16258
1.67421e+09 -9.897 -11.4995 0.173837
1.67421e+09 -10.036 -11.6578 0.175245
1.67421e+09 -9.90444 -11.5251 0.172603
1.67421e+09 5.67046 -17.4865 0.180245
1.67421e+09 6.398 -19.6625 0.198902
1.67421e+09 6.42146 -19.6453 0.192215
1.67421e+09 6.42406 -19.6434 0.191472
1.67421e+09 2.90925 -18.0531 0.168927
1.67421e+09 3.27923 -20.3106 0.189552
1.67421e+09 -4.75217 -12.2434 0.190236
