1674207084.91111803 1.95398152 -8.23379803 0.24301587 0
1674207084.91111803 12.1108589 -6.68339586 0.380453348 1
1674207084.91111803 7.35227013 5.18408537 0.222277775 2
1674207084.91111803 5.22168589 -14.9192266 0.29264456 3
1674207084.91111803 7.13188648 6.15469122 0.105998859 4
1674207084.91111803 17.3252201 6.1029377 0.209684253 5
1674207084.91111803 2.59316182 -20.7824726 0.268288165 6
1674207084.91111803 -1.9203918 -9.43835354 0.100800589 7
1674207084.91111803 18.2264023 10.4653358 0.208560139 8
1674207084.91111803 8.39842224 12.1614904 0.158052593 9
1674207084.91111803 23.4259396 3.96531034 0.164450482 10
1674207084.91111803 13.7654114 -23.2950344 0.228747621 11
