1.67421e+09 4.30002 -8.50262 0.367734
1.67421e+09 4.81996 -9.5637 0.41196
1.67421e+09 4.88495 -9.69633 0.417488
1.67421e+09 4.84846 -9.58018 0.40924
1.67421e+09 4.84441 -9.56727 0.408324
1.67421e+09 4.82409 -9.45436 0.399797
1.67421e+09 4.82206 -9.44307 0.398944
1.67421e+09 4.78556 -9.34387 0.38796
1.67421e+09 9.2529 -6.04225 0.30261
1.67421e+09 -7.28977 -7.76013 0.25769
1.67421e+09 -8.21647 -8.72906 0.290376
1.67421e+09 -8.22535 -8.73276 0.289419
1.67421e+09 -8.10185 -8.62889 0.2799
1.67421e+09 -8.01581 -8.54854 0.27591
1.67421e+09 -7.91023 -8.46735 0.268955
1.67421e+09 12.0543 3.72604 0.277601
1.67421e+09 13.5758 4.19697 0.311712
1.67421e+09 13.5884 4.20335 0.30591
1.67421e+09 13.4556 4.16722 0.299166
1.67421e+09 13.3338 4.13443 0.291875
1.67421e+09 13.2401 4.11098 0.288442
1.67421e+09 13.1643 4.09081 0.283819
1.67421e+09 13.0636 4.05728 0.283282
1.67421e+09 12.9798 4.0281 0.283375
1.67421e+09 12.9045 4.00434 0.283161
1.67421e+09 4.81865 11.7028 0.307369
1.67421e+09 5.42295 13.176 0.341378
1.67421e+09 5.42877 13.1774 0.331389
1.67421e+09 5.39127 13.0535 0.337177
1.67421e+09 5.35788 12.9395 0.33235
1.67421e+09 5.31436 12.8308 0.323508
1.67421e+09 5.31073 12.8218 0.322771
1.67421e+09 1.86817 -8.50237 0.187729
1.67421e+09 2.10926 -9.53981 0.203864
1.67421e+09 2.09556 -9.55831 0.204322
1.67421e+09 2.05399 -9.44731 0.194068
1.67421e+09 2.04588 -9.33397 0.183417
1.67421e+09 2.02659 -9.26182 0.18104
1.67421e+09 2.00906 -9.21383 0.183407
1.67421e+09 2.00538 -9.17434 0.191373
1.67421e+09 1.9728 -9.11188 0.195719
1.67421e+09 -6.65603 7.24055 0.219337
1.67421e+09 -7.45479 8.15157 0.242763
1.67421e+09 -7.41785 8.15868 0.238408
1.67421e+09 -7.33237 8.06939 0.23425
1.67421e+09 19.4905 4.21166 0.238631
1.67421e+09 21.9014 4.74119 0.267773
1.67421e+09 21.891 4.74031 0.264706
1.67421e+09 21.6591 4.68418 0.260387
1.67421e+09 21.4759 4.6349 0.257501
1.67421e+09 21.3296 4.59246 0.251669
1.67421e+09 21.1507 4.56832 0.257448
1.67421e+09 21.0579 4.54176 0.255768
1.67421e+09 20.9824 4.51585 0.247445
1.67421e+09 7.72432 -11.0213 0.154177
1.67421e+09 8.69956 -12.4005 0.180669
1.67421e+09 8.73538 -12.4071 0.192505
1.67421e+09 8.67946 -12.2555 0.186573
1.67421e+09 8.5668 -12.1318 0.181699
1.67421e+09 3.69795 5.32128 0.14263
1.67421e+09 4.11847 6.01169 0.15187
1.67421e+09 4.09423 6.02349 0.140609
1.67421e+09 4.03354 5.95974 0.128927
1.67421e+09 -1.01745 6.56959 0.14243
1.67421e+09 -1.15095 7.40624 0.154755
1.67421e+09 -12.4421 -4.85629 0.321703
1.67421e+09 -14.0247 -5.45637 0.356397
1.67421e+09 25.0087 15.638 0.19375
1.67421e+09 28.1768 17.582 0.214127
1.67421e+09 28.5728 17.825 0.216674
1.67421e+09 7.83356 15.239 0.251518
1.67421e+09 8.81601 17.1435 0.278695
1.67421e+09 8.82896 17.1736 0.290726
1.67421e+09 8.75062 16.9983 0.286841
1.67421e+09 -2.35271 12.2265 0.250283
1.67421e+09 -2.65397 13.7631 0.28436
1.67421e+09 -1.8142 -11.7014 0.155637
1.67421e+09 -2.06987 -13.1612 0.176415
1.67421e+09 -2.05233 -13.1591 0.174323
