1687940954.32367182 5.87960291 -4.76009321 0.23657845 0
1687940954.32367182 -3.5110023 -8.57101345 0.215543151 1
1687940954.32367182 5.72409678 11.299345 0.233379647 2
1687940954.32367182 3.4211328 -5.23366451 0.120037533 3
1687940954.32367182 9.23909664 -11.4213858 0.302177548 4
1687940954.32367182 -3.25885892 7.27001667 0.114587702 5
1687940954.32367182 -3.57839322 -7.83502007 0.0923607126 6
1687940954.32367182 8.78645325 3.41759467 0.108591467 7
1687940954.32367182 -1.57233322 6.03413486 0.119834676 8
1687940954.32367182 7.68407011 -9.91929817 0.109252952 9
