1674207943.83267498 1.4335041 -5.7618413 0.332055241 0
1674207943.83267498 3.02472878 5.52765083 0.196967363 1
1674207943.83267498 6.89406729 -8.49079514 0.30179891 2
1674207943.83267498 7.09602737 6.59224463 0.228523269 3
1674207943.83267498 -2.16182995 -9.66951561 0.262384295 4
1674207943.83267498 -2.03023839 5.48786449 0.141781688 5
1674207943.83267498 18.5046787 -8.61372757 0.318770587 6
1674207943.83267498 11.0468817 11.7099333 0.254348665 7
1674207943.83267498 -9.52224159 -5.19656706 0.208455533 8
1674207943.83267498 0.430415541 12.747015 0.250953019 9
1674207943.83267498 18.6979008 3.58105588 0.279216796 10
1674207943.83267498 -3.08643603 16.2809467 0.293374538 11
1674207943.83267498 9.0523901 -17.9181309 0.211521566 12
1674207943.83267498 3.14312196 7.33031225 0.107708134 13
1674207943.83267498 12.3539505 -12.1379919 0.192299247 14
1674207943.83267498 25.674963 3.98697948 0.258717805 15
1674207943.83267498 -8.42921448 8.70466805 0.163989931 16
1674207943.83267498 18.3629284 11.6075706 0.258146375 17
1674207943.83267498 8.41173363 17.1394863 0.255705744 18
1674207943.83267498 16.0092354 -8.67754364 0.191157907 19
1674207943.83267498 -15.1538887 -11.2073393 0.233811945 20
1674207943.83267498 -6.19620609 6.1495533 0.134851113 21
1674207943.83267498 3.98515868 23.5678997 0.249658912 22
