1687940922.95634747 -2.57735467 -5.6935854 0.214213461 0
1687940922.95634747 0.263726801 8.28461742 0.224743202 1
1687940922.95634747 11.0910482 -3.37875915 0.242276952 2
1687940922.95634747 -5.61424112 4.60911131 0.258294165 3
1687940922.95634747 7.16714001 5.70344782 0.225785494 4
1687940922.95634747 8.06668949 -3.70113134 0.136355728 5
1687940922.95634747 -2.89233303 16.2571659 0.230506614 6
1687940922.95634747 11.1985931 -6.65843821 0.133677289 7
1687940922.95634747 -4.83324099 8.7296505 0.13786079 8
1687940922.95634747 -1.19442546 -9.5159893 0.124385729 9
1687940922.95634747 11.97785 5.48805428 0.195697233 10
