1674207942.82411027 4.00745153 -5.92693186 0.331741542 0
1674207942.82411027 5.61057854 5.3260417 0.186329409 1
1674207942.82411027 9.40377235 -8.64541626 0.302658409 2
1674207942.82411027 -7.02499199 -5.39365149 0.225619733 3
1674207942.82411027 9.69257736 6.38768768 0.210631758 4
1674207942.82411027 0.556549489 5.24643612 0.142267004 5
1674207942.82411027 0.394516587 -9.8170414 0.239248589 6
1674207942.82411027 -5.866014 8.56584644 0.171522513 7
1674207942.82411027 4.28762579 -22.8642941 0.350986183 8
1674207942.82411027 3.02500176 12.5606718 0.242446601 9
1674207942.82411027 -3.68918777 6.02936125 0.127774894 10
1674207942.82411027 21.2989197 3.41073322 0.277259052 11
1674207942.82411027 -5.42827177 5.30831385 0.121622734 12
1674207942.82411027 -12.6813717 -11.3807907 0.246915117 13
1674207942.82411027 11.0238256 16.9130554 0.239606231 14
1674207942.82411027 13.6326427 11.4979782 0.258350521 15
1674207942.82411027 5.03610516 -8.95086956 0.124997176 16
1674207942.82411027 5.74771452 7.19855642 0.134245351 17
1674207942.82411027 28.2291775 3.67633343 0.271088988 18
1674207942.82411027 -10.7150974 -17.2934399 0.288312405 19
1674207942.82411027 -3.77187848 -13.7077818 0.194973066 20
1674207942.82411027 -0.468921006 16.1252708 0.286678404 21
1674207942.82411027 14.7288685 -12.3056421 0.186030298 22
