1.67421e+09 2.97172 -12.235 0.289204
1.67421e+09 3.35241 -13.7668 0.32025
1.67421e+09 3.36148 -13.7792 0.322836
1.67421e+09 3.3409 -13.6257 0.317985
1.67421e+09 3.32663 -13.4858 0.314955
1.67421e+09 5.37093 8.80316 0.331288
1.67421e+09 6.03224 9.90168 0.366455
1.67421e+09 6.05012 9.90467 0.36953
1.67421e+09 6.0521 9.90501 0.369871
1.67421e+09 5.97616 9.79368 0.36042
1.67421e+09 5.9204 9.6942 0.357267
1.67421e+09 5.91533 9.68516 0.356981
1.67421e+09 -3.52016 6.82783 0.286351
1.67421e+09 -3.95376 7.67452 0.319337
1.67421e+09 -3.94559 7.66766 0.315961
1.67421e+09 -3.90387 7.58563 0.315283
1.67421e+09 -3.86187 7.50422 0.311427
1.67421e+09 -3.82983 7.44382 0.312222
1.67421e+09 -3.80454 7.39952 0.317958
1.67421e+09 -3.77846 7.35652 0.317067
1.67421e+09 0.703806 -6.41832 0.293558
1.67421e+09 0.786365 -7.2367 0.338867
1.67421e+09 0.796685 -7.339 0.344531
1.67421e+09 0.797975 -7.35179 0.345239
1.67421e+09 16.7756 9.25973 0.304149
1.67421e+09 18.8904 10.4212 0.336679
1.67421e+09 18.9126 10.428 0.332594
1.67421e+09 18.7017 10.3184 0.332533
1.67421e+09 18.4818 10.1868 0.316095
1.67421e+09 12.9839 8.67639 0.236414
1.67421e+09 14.5655 9.76152 0.254325
1.67421e+09 14.5112 9.75821 0.242852
1.67421e+09 14.3127 9.64739 0.228378
1.67421e+09 14.136 9.54762 0.218663
1.67421e+09 4.39497 13.6333 0.250759
1.67421e+09 4.95114 15.3371 0.281821
1.67421e+09 4.95914 15.3406 0.282736
1.67421e+09 4.91533 15.1691 0.277108
1.67421e+09 4.87841 15.0135 0.272345
1.67421e+09 -7.55209 8.88225 0.21529
1.67421e+09 -8.50138 10.0035 0.237944
1.67421e+09 -8.48552 10.0036 0.237502
1.67421e+09 10.7325 -19.0454 0.314579
1.67421e+09 12.1106 -21.4256 0.348734
1.67421e+09 12.1801 -21.4127 0.343378
1.67421e+09 12.1112 -21.1663 0.335295
1.67421e+09 11.997 -20.9558 0.336262
1.67421e+09 11.9232 -20.7795 0.334429
1.67421e+09 -3.67858 12.0647 0.290519
1.67421e+09 -4.1457 13.5754 0.324168
1.67421e+09 -4.20409 13.7642 0.328374
1.67421e+09 11.5051 13.4616 0.265109
1.67421e+09 12.9643 15.1482 0.297316
1.67421e+09 12.9635 15.1519 0.298649
1.67421e+09 12.8279 14.9859 0.297301
1.67421e+09 12.7106 14.8324 0.287962
1.67421e+09 12.6024 14.7054 0.28429
1.67421e+09 -2.42993 -10.7047 0.16805
1.67421e+09 -2.7283 -12.0224 0.177598
1.67421e+09 -2.70981 -12.0211 0.170881
1.67421e+09 18.4541 -7.73605 0.225223
1.67421e+09 21.0904 -8.8412 0.257397
1.67421e+09 21.4671 -8.99908 0.261994
1.67421e+09 -11.0049 -11.0029 0.248594
1.67421e+09 -12.5771 -12.5748 0.284107
1.67421e+09 3.18705 -15.5996 0.198338
1.67421e+09 23.7536 7.0953 0.200872
1.67421e+09 26.7474 7.97646 0.221705
1.67421e+09 26.787 7.96926 0.226337
1.67421e+09 27.2569 10.3255 0.268743
