1687940941.61537123 5.46256065 3.67466354 0.168667823 0
1687940941.61537123 -2.99016976 8.75401497 0.183166072 1
1687940941.61537123 6.15005302 -5.58786154 0.182554007 2
1687940941.61537123 9.76440144 -4.67949533 0.191672996 3
1687940941.61537123 0.0674565732 5.8242259 0.0859851539 4
1687940941.61537123 14.4635363 -2.57244205 0.206026927 5
1687940941.61537123 9.57281113 4.02875042 0.136443079 6
1687940941.61537123 -2.18025804 -7.70697689 0.0908501744 7
1687940941.61537123 0.763216615 9.82428551 0.124398865 8
1687940941.61537123 -3.17596579 -6.41547108 0.176882759 9
1687940941.61537123 10.0248737 12.2647772 0.254932612 10
