1.67421e+09 7.27865 9.92346 0.318804
1.67421e+09 3.12519 9.25154 0.167257
1.67421e+09 -8.8931 -5.93805 0.313734
1.67421e+09 8.99953 -7.09347 0.255847
1.67421e+09 10.004 -12.6359 0.234786
1.67421e+09 14.2666 7.75224 0.192143
1.67421e+09 1.97908 14.0729 0.253129
1.67421e+09 17.4722 11.0104 0.265696
1.67421e+09 -5.14439 14.2284 0.271799
1.67421e+09 -12.2916 -9.98611 0.221788
1.67421e+09 -13.2323 12.5713 0.292195
1.67421e+09 -12.9237 7.2536 0.228393
1.67421e+09 21.1593 7.18797 0.252642
1.67421e+09 13.84 20.934 0.25113
1.67421e+09 4.29152 25.1704 0.27191
