1674207975.50263548 7.12186432 4.29800653 0.286155343 0
1674207975.50263548 -5.65245152 -4.51788616 0.313726217 1
1674207975.50263548 8.00474739 10.5022383 0.263058692 2
1674207975.50263548 -6.53210258 4.49080038 0.197576389 3
1674207975.50263548 13.5560408 -8.74262238 0.307309955 4
1674207975.50263548 18.2407856 -6.95183229 0.329787791 5
1674207975.50263548 -1.59305942 7.73866558 0.170862511 6
1674207975.50263548 1.69543397 12.0342293 0.26326865 7
1674207975.50263548 16.7927456 -17.2354794 0.32311821 8
1674207975.50263548 -3.39639163 6.23860216 0.115945145 9
1674207975.50263548 -13.7122822 -9.43548203 0.248290375 10
1674207975.50263548 4.01090145 -14.1875 0.151186004 11
1674207975.50263548 -4.51066685 -16.3167038 0.292749405 12
1674207975.50263548 1.7134378 8.96459484 0.0648109615 13
1674207975.50263548 -7.60222864 24.2310905 0.260964721 14
1674207975.50263548 13.3644638 22.2636204 0.224970922 15
