1.67421e+09 4.15243 6.3463 0.285747
1.67421e+09 18.0761 -7.91698 0.313507
1.67421e+09 8.41087 -6.8344 0.3339
1.67421e+09 3.93015 11.4989 0.267295
1.67421e+09 11.2291 -12.7227 0.302504
1.67421e+09 0.0468762 8.51422 0.217141
1.67421e+09 -10.7311 -10.0615 0.275414
1.67421e+09 12.8752 8.24981 0.263819
1.67421e+09 -3.13046 -11.4632 0.206805
1.67421e+09 5.34928 -11.0256 0.215752
1.67421e+09 -10.1727 6.2844 0.250537
1.67421e+09 -10.1856 11.7319 0.241728
1.67421e+09 12.106 13.1707 0.250391
1.67421e+09 24.4416 8.84342 0.312029
1.67421e+09 5.12877 21.0424 0.209272
1.67421e+09 -0.318073 -20.279 0.22934
