1687940958.45892477 8.67570877 -4.7888217 0.216606572 0
1687940958.45892477 -0.662199795 -8.72530365 0.249825597 1
1687940958.45892477 -0.705741286 -7.96423817 0.0938437656 2
1687940958.45892477 -7.23297119 -8.22405052 0.184055179 3
1687940958.45892477 5.31178522 -4.68591976 0.123188958 4
1687940958.45892477 2.61015081 -7.51108313 0.135855854 5
1687940958.45892477 -7.44939899 10.0129108 0.199633747 6
1687940958.45892477 -0.70620811 7.23080254 0.139779031 7
1687940958.45892477 1.03631377 5.94897699 0.151462272 8
1687940958.45892477 3.72115517 -12.1323099 0.19488202 9
1687940958.45892477 0.665508628 9.63667679 0.118809029 10
1687940958.45892477 -9.19119263 -13.8768196 0.147966832 11
1687940958.45892477 -5.02321434 -20.9300346 0.208041877 12
1687940958.45892477 11.476202 3.49606729 0.134553 13
1687940958.45892477 6.40075922 -6.92472315 0.116710462 14
