1674207958.1547966 6.04495811 5.66263342 0.284957886 0
1674207958.1547966 5.37196255 -10.7255697 0.342402548 1
1674207958.1547966 0.575543761 5.49992895 0.168109939 2
1674207958.1547966 6.03516483 11.1162939 0.220747322 3
1674207958.1547966 13.2794209 -12.0016727 0.276136786 4
1674207958.1547966 20.5512619 5.96857929 0.253937453 5
1674207958.1547966 16.1999378 8.43746853 0.275899976 6
1674207958.1547966 -7.06105137 17.1250172 0.259292901 7
1674207958.1547966 -8.08532715 -14.2678127 0.196169078 8
1674207958.1547966 16.1283855 -20.6082706 0.241120011 9
1674207958.1547966 -8.69287872 7.51930046 0.17299062 10
1674207958.1547966 10.3630247 23.2782383 0.236859486 11
1674207958.1547966 14.8282824 24.6252918 0.2125545 12
