1.67421e+09 3.31989 -7.95623 0.332241
1.67421e+09 3.69471 -8.98579 0.370096
1.67421e+09 3.68771 -8.99397 0.369067
1.67421e+09 3.61403 -8.9293 0.368305
1.67421e+09 3.55788 -8.8487 0.360178
1.67421e+09 3.51568 -8.77777 0.352696
1.67421e+09 3.48381 -8.71792 0.346659
1.67421e+09 3.45929 -8.66479 0.34235
1.67421e+09 3.44939 -8.61006 0.341197
1.67421e+09 7.90963 -6.18571 0.360092
1.67421e+09 8.90534 -6.92739 0.396201
1.67421e+09 8.90602 -6.89739 0.390428
1.67421e+09 8.9061 -6.89405 0.389787
1.67421e+09 8.90611 -6.89368 0.389715
1.67421e+09 12.9682 4.10032 0.332604
1.67421e+09 14.8208 4.68608 0.380119
1.67421e+09 14.8181 4.66937 0.38158
1.67421e+09 14.6122 4.60733 0.375143
1.67421e+09 14.4262 4.54942 0.366066
1.67421e+09 14.2813 4.49407 0.359091
1.67421e+09 14.1542 4.45362 0.349832
1.67421e+09 14.0496 4.42321 0.34515
1.67421e+09 13.9631 4.40022 0.341927
1.67421e+09 4.73519 10.4566 0.224292
1.67421e+09 5.41164 11.9504 0.256334
1.67421e+09 5.42772 11.9083 0.266425
1.67421e+09 3.19721 8.46587 0.219935
1.67421e+09 3.65395 9.67528 0.251354
1.67421e+09 3.63862 9.64041 0.248435
1.67421e+09 3.59264 9.47622 0.230887
1.67421e+09 3.52125 9.34583 0.216058
1.67421e+09 3.50751 9.24615 0.204635
1.67421e+09 3.49846 9.16404 0.190416
1.67421e+09 3.06526 -18.1751 0.154553
