1.67421e+09 5.1303 -8.26571 0.303797
1.67421e+09 5.75171 -9.31809 0.341317
1.67421e+09 5.74113 -9.32425 0.337902
1.67421e+09 5.67392 -9.22386 0.33182
1.67421e+09 5.62066 -9.13727 0.336387
1.67421e+09 5.58528 -9.04656 0.334008
1.67421e+09 5.56027 -8.95471 0.327325
1.67421e+09 15.0455 3.68606 0.32351
1.67421e+09 16.9372 4.14344 0.362589
1.67421e+09 16.9489 4.12657 0.361983
1.67421e+09 16.7484 4.08497 0.355862
1.67421e+09 16.7283 4.08081 0.35525
1.67421e+09 16.7263 4.0804 0.355189
1.67421e+09 16.7261 4.08036 0.355183
1.67421e+09 16.5876 4.04236 0.35798
1.67421e+09 8.43833 -16.6383 0.318104
1.67421e+09 9.45756 -18.7355 0.353783
1.67421e+09 9.41063 -18.7611 0.352057
1.67421e+09 -6.85555 12.4771 0.29685
1.67421e+09 -7.69274 14.0497 0.324635
1.67421e+09 -7.67157 14.0719 0.318294
1.67421e+09 -7.56252 13.9423 0.309166
1.67421e+09 5.33555 8.05663 0.187431
1.67421e+09 6.01144 9.0648 0.2115
1.67421e+09 6.09592 9.19082 0.214508
1.67421e+09 5.99682 9.05389 0.209808
1.67421e+09 5.93854 8.94201 0.201884
1.67421e+09 5.91682 8.8707 0.200176
1.67421e+09 5.89879 8.81433 0.194595
1.67421e+09 -10.0309 8.29034 0.181467
1.67421e+09 -11.3086 9.32335 0.22227
1.67421e+09 -13.3297 -15.7772 0.258619
1.67421e+09 -14.9982 -17.7622 0.298273
1.67421e+09 5.18847 3.92112 0.166168
