1687940920.13226819 8.38210392 -2.76694608 0.255581468 0
1687940920.13226819 4.19068766 6.12391329 0.184991851 1
1687940920.13226819 5.35192776 -3.19306254 0.115539834 2
1687940920.13226819 -2.75853419 8.54972649 0.217645943 3
1687940920.13226819 -5.18348026 -5.44786692 0.199561745 4
1687940920.13226819 5.37209082 11.4691925 0.205885842 5
1687940920.13226819 8.95665073 6.03531599 0.127756491 6
1687940920.13226819 4.27621126 -12.253376 0.182017937 7
1687940920.13226819 -6.56461382 -7.97130156 0.146198705 8
1687940920.13226819 -3.63030195 -9.38251877 0.147070408 9
1687940920.13226819 8.32757664 -5.90910339 0.146202713 10
1687940920.13226819 15.7011423 -3.46173406 0.232203275 11
1687940920.13226819 14.7797089 4.94233704 0.183659315 12
