1.67421e+09 1.42202 -6.00369 0.255489
1.67421e+09 12.4696 -6.73155 0.344559
1.67421e+09 2.80876 8.00277 0.195224
1.67421e+09 8.67626 -10.5522 0.25686
1.67421e+09 -4.39064 -11.7279 0.273736
1.67421e+09 14.2773 4.43546 0.194675
1.67421e+09 9.14741 4.4969 0.129763
1.67421e+09 4.99089 5.26676 0.0977458
1.67421e+09 8.41932 15.4482 0.317024
1.67421e+09 -7.76219 6.67143 0.203901
1.67421e+09 -6.61514 10.952 0.200504
1.67421e+09 -3.04253 14.748 0.222892
1.67421e+09 4.38666 -14.3014 0.16647
1.67421e+09 11.7901 11.7427 0.259389
1.67421e+09 8.45558 9.79469 0.169164
