1687940948.17125082 4.38792896 -7.74897385 0.269097894 0
1687940948.17125082 -0.400735676 10.993042 0.228368759 1
1687940948.17125082 2.41125655 -11.9112663 0.285557926 2
1687940948.17125082 -3.3330543 -5.32913113 0.119621657 3
1687940948.17125082 -0.210745215 -5.43926764 0.167788014 4
1687940948.17125082 -2.98434043 -7.17982483 0.0981172994 5
1687940948.17125082 -5.89004993 -12.1970844 0.188300818 6
1687940948.17125082 12.0787563 -5.08016825 0.231870517 7
1687940948.17125082 0.576506615 -10.229043 0.119754635 8
1687940948.17125082 6.60393047 1.51555943 0.100494444 9
1687940948.17125082 9.03345585 3.97880268 0.140733913 10
