1687940898.14490461 -0.198367342 -7.9634757 0.205986694 0
1687940898.14490461 0.519886076 -9.69945621 0.272725105 1
1687940898.14490461 -1.27512646 8.851717 0.181281999 2
1687940898.14490461 6.33922529 -2.16350079 0.0875491574 3
1687940898.14490461 -5.19609785 10.8699255 0.287929118 4
1687940898.14490461 14.6057148 7.12909269 0.337872118 5
1687940898.14490461 7.63471985 7.17173719 0.148736179 6
1687940898.14490461 5.94571972 -4.31926012 0.109144598 7
1687940898.14490461 3.61728024 8.41053391 0.157469466 8
1687940898.14490461 0.705079079 6.87186003 0.120303422 9
