1687940900.86810064 6.71576357 -2.45133042 0.317734033 0
1687940900.86810064 3.59590077 -7.45745277 0.236647025 1
1687940900.86810064 1.15183997 9.20690823 0.188965306 2
1687940900.86810064 5.51518393 3.83663321 0.117641367 3
1687940900.86810064 -4.16028309 5.8735261 0.17927447 4
1687940900.86810064 5.24470043 -4.11961842 0.122667901 5
1687940900.86810064 -5.17655277 -12.7963848 0.259203583 6
1687940900.86810064 5.99067116 9.09037304 0.125534952 7
1687940900.86810064 10.2196703 8.12022686 0.173073724 8
1687940900.86810064 9.66766644 -1.17429721 0.15378952 9
1687940900.86810064 3.27561188 7.26850033 0.166110858 10
