1687940924.26750898 -1.3335886 -5.82237911 0.210120723 0
1687940924.26750898 1.98647809 8.03155899 0.218061239 1
1687940924.26750898 12.3831949 -3.9990263 0.238193527 2
1687940924.26750898 8.81288242 5.1791482 0.221350133 3
1687940924.26750898 -0.897699535 16.0889587 0.224588916 4
1687940924.26750898 9.40628242 -4.20662594 0.121609151 5
1687940924.26750898 -2.97541499 8.66713238 0.112279721 6
1687940924.26750898 -0.140936285 -9.72972393 0.136113539 7
1687940924.26750898 7.69835758 -13.0369415 0.193584844 8
1687940924.26750898 12.2239752 -7.17013454 0.150221586 9
