1674207974.09062719 8.92455292 -12.1317081 0.347245723 0
1674207974.09062719 12.5262136 4.61712503 0.266467035 1
1674207974.09062719 -7.6999836 -10.0264769 0.264930576 2
1674207974.09062719 3.66479015 7.70716047 0.2041253 3
1674207974.09062719 6.74725866 12.1098766 0.258177549 4
1674207974.09062719 -8.88486958 -6.84273386 0.221442983 5
1674207974.09062719 13.1149855 10.8519516 0.260943919 6
1674207974.09062719 19.5677109 -8.10267735 0.300723761 7
1674207974.09062719 2.07197165 6.00690126 0.161959544 8
1674207974.09062719 24.0757084 -6.06950712 0.289552033 9
1674207974.09062719 6.83639479 9.13104057 0.146498442 10
1674207974.09062719 -13.6232634 9.38310146 0.289632887 11
1674207974.09062719 -6.28782558 17.2584229 0.277442724 12
1674207974.09062719 3.16399384 -15.9554462 0.170556709 13
