1687940921.44344616 -3.91171503 -5.58093405 0.221373692 0
1687940921.44344616 9.58847713 -2.88738298 0.241338357 1
1687940921.44344616 5.46585131 6.0238781 0.189885229 2
1687940921.44344616 6.6367712 -3.28804827 0.120496273 3
1687940921.44344616 9.82570553 -6.12679338 0.146183953 4
1687940921.44344616 6.67118979 11.3190622 0.177623168 5
1687940921.44344616 5.5650177 -12.3203449 0.198600084 6
1687940921.44344616 -2.39183068 -9.44370079 0.108743429 7
1687940921.44344616 -4.87387276 16.3398342 0.226644829 8
1687940921.44344616 16.9412708 -3.579144 0.222248092 9
1687940921.44344616 -6.60262537 8.76037979 0.155047625 10
1687940921.44344616 16.1989651 4.80508184 0.189363167 11
1687940921.44344616 10.0647955 5.86753035 0.192772463 12
