1687940911.45834851 9.36150265 4.12828922 0.204024807 0
1687940911.45834851 -3.30942678 -6.68484688 0.157008469 1
1687940911.45834851 -2.35711789 5.32309437 0.110757798 2
1687940911.45834851 6.95802641 -5.39409208 0.167941168 3
1687940911.45834851 6.60458136 1.68991554 0.110484853 4
1687940911.45834851 12.722456 -6.02721262 0.186095774 5
1687940911.45834851 -7.72776175 -12.7528734 0.189803869 6
1687940911.45834851 4.54590845 9.93708229 0.113086596 7
1687940911.45834851 3.73951697 17.1058006 0.196200728 8
1687940911.45834851 9.27221203 3.08801985 0.125662208 9
1687940911.45834851 -1.6725626 -15.8255205 0.15035139 10
1687940911.45834851 8.23882961 5.7026248 0.0976559296 11
