1687940937.27841496 1.06525719 -6.05366039 0.254299283 0
1687940937.27841496 4.55777025 -5.23906946 0.180699244 1
1687940937.27841496 9.25443077 -3.30761337 0.190248057 2
1687940937.27841496 5.39571857 11.5648127 0.211702764 3
1687940937.27841496 8.30998039 -12.2061958 0.211394161 4
1687940937.27841496 12.8597832 4.160151 0.246336669 5
1687940937.27841496 -7.59590673 8.5685358 0.181469128 6
1687940937.27841496 -4.65652227 5.59171486 0.0867797956 7
1687940937.27841496 -6.65846252 -9.52912521 0.177292407 8
1687940937.27841496 12.7774897 -3.16807961 0.181730688 9
1687940937.27841496 -3.86026621 9.48949718 0.136733562 10
1687940937.27841496 -2.21986651 -10.4319153 0.15253745 11
1687940937.27841496 8.36539078 18.735239 0.244638681 12
1687940937.27841496 -1.87631679 15.8320713 0.219381213 13
