1687940947.0617981 3.26145101 -7.23866081 0.229203671 0
1687940947.0617981 1.44090331 -11.484066 0.279688954 1
1687940947.0617981 10.6266212 -4.13617611 0.262785882 2
1687940947.0617981 4.41254854 7.94825125 0.208428532 3
1687940947.0617981 -1.44754553 -5.26719236 0.209110022 4
1687940947.0617981 12.631609 2.26211929 0.173813552 5
1687940947.0617981 -0.320818067 -9.92694759 0.131207883 6
1687940947.0617981 -4.47696877 -5.28361845 0.0959627777 7
1687940947.0617981 -5.18788624 -4.73672915 0.133289292 8
1687940947.0617981 7.34104633 4.76546097 0.129704595 9
1687940947.0617981 -6.68495464 -12.2245903 0.198995396 10
1687940947.0617981 5.86497641 -5.39110994 0.188127369 11
1687940947.0617981 8.47600746 -4.40869474 0.124458417 12
1687940947.0617981 -4.07168865 -7.05206776 0.0968705118 13
1687940947.0617981 9.3557539 -11.3299093 0.149551407 14
1687940947.0617981 21.4019489 -4.548419 0.209725261 15
