1687940947.56607056 3.75590515 -7.47487593 0.269355685 0
1687940947.56607056 1.85075462 -11.6123228 0.286351621 1
1687940947.56607056 -5.37497616 4.29993725 0.256848931 2
1687940947.56607056 11.2501688 -4.50302315 0.245099932 3
1687940947.56607056 5.35136175 7.66211176 0.203799248 4
1687940947.56607056 -1.56626904 11.2002783 0.226766378 5
1687940947.56607056 -0.840375721 -5.33000946 0.152200893 6
1687940947.56607056 -4.02396202 -5.22705984 0.0928148478 7
1687940947.56607056 8.94514751 -4.68181801 0.140764922 8
1687940947.56607056 0.115415238 -9.98168468 0.118275359 9
1687940947.56607056 13.4373512 1.83883941 0.194309965 10
1687940947.56607056 -3.51150417 -7.03318071 0.088297002 11
1687940947.56607056 8.16934586 4.41044283 0.119429544 12
1687940947.56607056 -6.3392539 -12.1109924 0.192606285 13
1687940947.56607056 9.74593925 -11.6550426 0.134168342 14
