1687940921.04000139 9.21824837 -2.87121153 0.253665626 0
1687940921.04000139 -4.317873 -5.5754571 0.223891005 1
1687940921.04000139 5.12206268 6.05090284 0.203167677 2
1687940921.04000139 6.22376442 -3.26735067 0.117338523 3
1687940921.04000139 9.42911339 -6.09495926 0.149870634 4
1687940921.04000139 6.29949379 11.3937721 0.212793678 5
1687940921.04000139 5.16082573 -12.2936544 0.178064913 6
1687940921.04000139 9.8736105 5.97717571 0.172476888 7
1687940921.04000139 -2.7970736 -9.47223091 0.153855965 8
1687940921.04000139 16.54776 -3.5495007 0.22094664 9
1687940921.04000139 -11.295188 -12.0432224 0.281181723 10
1687940921.04000139 -5.60715532 -8.04243851 0.134399101 11
1687940921.04000139 -6.97417641 8.80874062 0.111016303 12
1687940921.04000139 15.6769495 4.84232044 0.162004068 13
