1687940922.45205212 -2.9928422 -5.6449008 0.213419139 0
1687940922.45205212 10.6231718 -3.09052181 0.251639873 1
1687940922.45205212 -0.41696167 8.36494637 0.218670383 2
1687940922.45205212 6.46497774 5.89428568 0.199981347 3
1687940922.45205212 -6.25070953 4.61720562 0.267245263 4
1687940922.45205212 7.60021973 -3.45954919 0.122659445 5
1687940922.45205212 -3.73006535 16.2910805 0.243413284 6
1687940922.45205212 6.37421131 -12.4977245 0.176474005 7
1687940922.45205212 -5.53182268 8.75337696 0.156276047 8
1687940922.45205212 -1.5272001 -9.53688145 0.158163801 9
1687940922.45205212 10.6184921 -6.27693605 0.13633135 10
1687940922.45205212 11.1942835 5.80476046 0.162617773 11
