1687940917.1064868 0.687852085 5.57413912 0.194748566 0
1687940917.1064868 3.93061233 -6.80919218 0.134824961 1
1687940917.1064868 11.6678066 -4.91239786 0.227554008 2
1687940917.1064868 -5.94906902 8.47336197 0.188653469 3
1687940917.1064868 2.2639761 10.7736082 0.192041054 4
1687940917.1064868 5.46325493 5.10587978 0.135963738 5
1687940917.1064868 11.1007881 3.55123973 0.176783457 6
1687940917.1064868 -0.648446679 -12.6987352 0.166083589 7
1687940917.1064868 17.0505428 3.50075102 0.217235297 8
1687940917.1064868 -8.28795147 -9.31706905 0.132101908 9
