1.67421e+09 0.930842 -5.90829 0.251668
1.67421e+09 1.06725 -6.62266 0.279986
1.67421e+09 1.05411 -6.6378 0.279223
1.67421e+09 1.03364 -6.57294 0.274233
1.67421e+09 1.01842 -6.51119 0.270288
1.67421e+09 0.997879 -6.46632 0.264971
1.67421e+09 0.981151 -6.43333 0.262683
1.67421e+09 0.979864 -6.43079 0.262507
1.67421e+09 11.7294 -6.73277 0.351927
1.67421e+09 13.1818 -7.56579 0.380082
1.67421e+09 13.2093 -7.56666 0.380807
1.67421e+09 13.2124 -7.56675 0.380887
1.67421e+09 13.0978 -7.47367 0.376815
1.67421e+09 12.9961 -7.38541 0.370879
1.67421e+09 12.9148 -7.31077 0.366258
1.67421e+09 12.8508 -7.2444 0.360138
1.67421e+09 12.7869 -7.20141 0.360034
1.67421e+09 12.746 -7.15265 0.354852
1.67421e+09 8.09373 -10.508 0.254038
1.67421e+09 9.11138 -11.8207 0.284033
1.67421e+09 9.12231 -11.8228 0.285176
1.67421e+09 9.03251 -11.6872 0.279084
1.67421e+09 8.95442 -11.5636 0.273519
1.67421e+09 8.89848 -11.4564 0.268694
1.67421e+09 8.85702 -11.3656 0.264926
1.67421e+09 8.78569 -11.2979 0.265057
1.67421e+09 8.71775 -11.2386 0.265302
1.67421e+09 8.66349 -11.1896 0.265031
1.67421e+09 2.2551 8.09478 0.193643
1.67421e+09 2.54477 9.1046 0.211355
1.67421e+09 2.53304 9.09386 0.204823
1.67421e+09 2.49017 8.98068 0.197839
1.67421e+09 2.47513 8.89349 0.192499
1.67421e+09 2.43968 8.80278 0.188399
1.67421e+09 8.58457 4.51447 0.140254
1.67421e+09 9.6867 5.11476 0.185248
1.67421e+09 9.66015 5.1242 0.181064
1.67421e+09 9.53288 5.06997 0.172493
1.67421e+09 9.42546 5.01968 0.166322
1.67421e+09 9.35325 4.97932 0.166027
1.67421e+09 9.28499 4.93745 0.159827
1.67421e+09 9.27974 4.93423 0.15935
1.67421e+09 9.20372 4.91122 0.154944
1.67421e+09 9.14244 4.89024 0.155687
1.67421e+09 13.5646 4.48307 0.198979
1.67421e+09 15.3061 5.0572 0.224536
1.67421e+09 15.2798 5.05521 0.220532
1.67421e+09 15.1045 4.99327 0.213372
1.67421e+09 14.9816 4.95301 0.211555
1.67421e+09 14.8864 4.919 0.21074
1.67421e+09 14.7895 4.88551 0.206937
1.67421e+09 14.7192 4.85257 0.200897
1.67421e+09 -4.88138 -11.6355 0.251525
1.67421e+09 -5.50534 -13.1092 0.284201
1.67421e+09 -5.51711 -13.1286 0.290033
1.67421e+09 -5.46418 -13.004 0.28533
1.67421e+09 4.305 5.35658 0.0898734
1.67421e+09 4.88306 6.02231 0.104206
1.67421e+09 4.87002 6.02229 0.102787
1.67421e+09 4.83598 5.95204 0.101105
1.67421e+09 4.78555 5.88561 0.0971669
1.67421e+09 4.77087 5.8301 0.0966489
1.67421e+09 4.73871 5.77996 0.0940842
1.67421e+09 -3.11829 -17.6868 0.328908
1.67421e+09 -7.28038 10.9068 0.226682
1.67421e+09 -8.19709 12.2561 0.248429
1.67421e+09 -8.1725 12.2838 0.239707
1.67421e+09 -8.05497 12.1904 0.241199
1.67421e+09 -8.32745 6.65035 0.208121
1.67421e+09 -9.34952 7.48897 0.22617
1.67421e+09 -9.35538 7.4875 0.220503
1.67421e+09 3.84993 -14.3332 0.214405
1.67421e+09 4.33802 -16.114 0.235205
1.67421e+09 4.3495 -16.0967 0.228206
1.67421e+09 4.27216 -15.9288 0.220655
1.67421e+09 4.22501 -15.762 0.210932
1.67421e+09 11.1934 11.8342 0.2507
1.67421e+09 12.6266 13.3381 0.279281
1.67421e+09 12.6108 13.3256 0.272476
1.67421e+09 12.4786 13.1804 0.266013
1.67421e+09 -3.67522 14.7903 0.242164
1.67421e+09 21.7529 10.4914 0.284069
1.67421e+09 24.4847 11.8148 0.311295
1.67421e+09 24.497 11.8309 0.302691
1.67421e+09 19.3175 15.9861 0.244723
1.67421e+09 -1.79962 22.7478 0.29203
