1687940888.76497078 9.00162411 5.46354294 0.33061406 0
1687940888.76497078 1.84493101 6.26906252 0.178268075 1
1687940888.76497078 -0.786838591 -5.17410564 0.130186528 2
1687940888.76497078 -1.95293784 7.84128237 0.243505388 3
1687940888.76497078 -4.23926687 9.53718758 0.223729432 4
1687940888.76497078 5.69110346 -1.12186301 0.132495239 5
1687940888.76497078 1.96534264 -14.7788916 0.250590414 6
1687940888.76497078 -4.83306551 6.47722578 0.0987899378 7
1687940888.76497078 -6.72850418 8.61719322 0.201915413 8
1687940888.76497078 -1.73831475 14.450532 0.13536565 9
