1.67421e+09 6.34144 4.32822 0.285928
1.67421e+09 1.69117 -12.1322 0.271579
1.67421e+09 -6.42146 -4.45061 0.302785
1.67421e+09 12.7213 -8.74462 0.286512
1.67421e+09 7.25245 10.5268 0.264103
1.67421e+09 -7.30676 4.56696 0.213716
1.67421e+09 -2.36542 7.84314 0.206127
1.67421e+09 0.923787 12.0524 0.254769
1.67421e+09 15.9459 -17.2183 0.307142
1.67421e+09 3.14429 -14.1497 0.161745
1.67421e+09 -4.096 6.27287 0.123398
1.67421e+09 -5.40735 -16.2149 0.249287
1.67421e+09 0.9777 9.09916 0.0930155
1.67421e+09 12.6598 22.3275 0.242949
