1674207948.67399263 4.01512003 -8.45715141 0.346072912 0
1674207948.67399263 8.88587475 -5.99600267 0.298741251 1
1674207948.67399263 -7.60159302 -7.73483658 0.253434628 2
1674207948.67399263 4.57558823 11.7923288 0.277343005 3
1674207948.67399263 11.7954597 3.76093817 0.267701536 4
1674207948.67399263 1.50691605 -8.49733829 0.195765823 5
1674207948.67399263 -6.9007659 7.29060745 0.209644988 6
1674207948.67399263 19.2751751 4.20253086 0.239571184 7
1674207948.67399263 3.24828243 5.30565166 0.102896504 8
1674207948.67399263 7.48411274 -10.9471674 0.188845962 9
1674207948.67399263 -1.37767744 6.63599873 0.127146006 10
1674207948.67399263 7.5203476 15.257247 0.241218567 11
1674207948.67399263 -12.7122574 -4.81514645 0.288977295 12
1674207948.67399263 -2.19414902 -11.6729803 0.171128795 13
1674207948.67399263 -16.5032177 -8.55479145 0.238742456 14
