1687940920.93915892 9.11684799 -2.87300444 0.256000191 0
1687940920.93915892 -4.3961854 -5.55143166 0.210471347 1
1687940920.93915892 4.97714233 6.03927469 0.185316622 2
1687940920.93915892 6.11871195 -3.26735568 0.115386538 3
1687940920.93915892 9.31858921 -6.07794857 0.150953025 4
1687940920.93915892 6.2099123 11.382452 0.201259837 5
1687940920.93915892 9.75379372 5.98584414 0.172797754 6
1687940920.93915892 5.01360083 -12.3204041 0.170144007 7
1687940920.93915892 -2.85856771 -9.43778706 0.109801531 8
1687940920.93915892 16.4626217 -3.5640583 0.237820998 9
1687940920.93915892 -5.76898909 -8.02865124 0.150347784 10
1687940920.93915892 15.6354876 4.8418932 0.166605338 11
1687940920.93915892 -7.07672167 8.83968353 0.138285905 12
