1687940911.76092196 9.82681179 3.94677138 0.202201635 0
1687940911.76092196 -2.94073176 -6.71913004 0.148234785 1
1687940911.76092196 7.3080039 -5.5273385 0.135400802 2
1687940911.76092196 -1.86322391 5.30349731 0.116167307 3
1687940911.76092196 6.99807835 1.52569902 0.110438108 4
1687940911.76092196 9.94280529 2.80414009 0.134560749 5
1687940911.76092196 4.3298502 17.0061836 0.218795329 6
1687940911.76092196 5.0668788 9.78764248 0.139935568 7
1687940911.76092196 -7.43399 -12.7489233 0.169099435 8
1687940911.76092196 -1.27862704 -15.9703493 0.194998592 9
1687940911.76092196 8.6315012 5.54944611 0.104992732 10
