1687940957.75288773 8.39761066 -4.79219437 0.215899572 0
1687940957.75288773 -0.944922328 -8.71462727 0.254126608 1
1687940957.75288773 2.17459488 -7.32739592 0.0948180333 2
1687940957.75288773 -1.00078392 -7.93916845 0.0984304696 3
1687940957.75288773 -7.50488186 -8.20033932 0.178630799 4
1687940957.75288773 -0.908366144 7.21540928 0.0941162556 5
1687940957.75288773 -7.70073175 9.99332142 0.232797906 6
1687940957.75288773 0.770059884 5.90237379 0.180173174 7
1687940957.75288773 0.414428771 9.66518116 0.127174333 8
1687940957.75288773 3.33691788 -12.0757322 0.176984474 9
1687940957.75288773 11.2217989 3.50030422 0.0964156985 10
1687940957.75288773 -5.23360205 -20.8615589 0.196405604 11
