1674207975.09920311 8.673069 4.20586967 0.273997158 0
1674207975.09920311 9.58806419 10.4118443 0.262363166 1
1674207975.09920311 15.1322651 -8.81357574 0.277740806 2
1674207975.09920311 3.26340318 11.9110031 0.271146894 3
1674207975.09920311 -0.00621213904 7.68035889 0.205767989 4
1674207975.09920311 3.1769495 8.92488384 0.113372549 5
1674207975.09920311 18.3760033 -17.3329296 0.318124235 6
1674207975.09920311 -1.6879468 6.14013386 0.150443822 7
1674207975.09920311 -12.1268225 -9.53686619 0.240768865 8
1674207975.09920311 6.0137105 -14.2884483 0.137678638 9
1674207975.09920311 -9.51058483 17.6071892 0.273104101 10
