1674207944.84139705 4.08356524 -8.41759872 0.343494713 0
1674207944.84139705 4.44347763 6.67763519 0.233516559 1
1674207944.84139705 0.441427797 5.65518999 0.215261653 2
1674207944.84139705 15.7050838 -8.63736725 0.328106344 3
1674207944.84139705 -4.91276455 -9.53326416 0.260295689 4
1674207944.84139705 16.0097885 3.559093 0.2642546 5
1674207944.84139705 -4.68082047 5.6353488 0.134273261 6
1674207944.84139705 -2.16959524 12.8672962 0.26321429 7
1674207944.84139705 -8.89089775 6.24767303 0.153289363 8
1674207944.84139705 9.5744524 -12.0647001 0.181413203 9
1674207944.84139705 8.44563675 11.7662907 0.247821793 10
1674207944.84139705 23.025135 3.916852 0.264669955 11
1674207944.84139705 -5.62837219 16.4212875 0.296317935 12
1674207944.84139705 13.1740341 -8.71494484 0.156202197 13
1674207944.84139705 9.91024876 6.15686941 0.104407094 14
1674207944.84139705 5.85020828 17.2025852 0.24441494 15
1674207944.84139705 -12.2043667 -5.01491165 0.234864175 16
1674207944.84139705 15.7428398 11.6246843 0.273737013 17
1674207944.84139705 6.12022305 -17.7727337 0.165354744 18
1674207944.84139705 -0.169912994 -8.63621235 0.123924807 19
1674207944.84139705 -11.0025301 8.87849522 0.159701869 20
1674207944.84139705 18.5916615 15.1872072 0.241809011 21
1674207944.84139705 -9.03296185 -13.3837576 0.16929996 22
