1.67421e+09 7.23639 9.90718 0.329508
1.67421e+09 8.27016 11.3225 0.376581
1.67421e+09 8.28495 11.3312 0.376571
1.67421e+09 8.18548 11.1726 0.365783
1.67421e+09 8.10012 11.0398 0.357957
1.67421e+09 8.01821 10.9272 0.350332
1.67421e+09 -8.91504 -5.94209 0.3149
1.67421e+09 -10.0075 -6.68081 0.353096
1.67421e+09 3.16237 9.24489 0.172291
1.67421e+09 3.54221 10.4058 0.192298
1.67421e+09 3.58969 10.551 0.194798
1.67421e+09 3.59563 10.5691 0.195111
1.67421e+09 3.53414 10.4252 0.186829
1.67421e+09 3.48695 10.2966 0.179221
1.67421e+09 3.45632 10.1893 0.172413
1.67421e+09 3.44217 10.1054 0.169278
1.67421e+09 3.41223 10.033 0.164074
1.67421e+09 3.38177 9.96203 0.170733
1.67421e+09 9.04615 -7.16955 0.285844
1.67421e+09 10.1743 -8.0522 0.308214
1.67421e+09 10.1738 -8.01796 0.29208
1.67421e+09 10.0466 -7.91925 0.274112
1.67421e+09 9.91286 -7.8134 0.280766
1.67421e+09 10.0136 -12.712 0.264783
1.67421e+09 11.2485 -14.249 0.304488
1.67421e+09 11.2305 -14.2467 0.289339
1.67421e+09 11.1046 -14.0586 0.276787
1.67421e+09 11.0136 -13.9139 0.259949
1.67421e+09 14.1422 7.73557 0.204973
1.67421e+09 15.927 8.71021 0.227594
1.67421e+09 15.9451 8.716 0.226156
1.67421e+09 15.792 8.62243 0.222512
1.67421e+09 15.6598 8.53478 0.219185
1.67421e+09 15.5388 8.46357 0.216311
1.67421e+09 15.4514 8.40103 0.211555
1.67421e+09 15.3605 8.35383 0.210452
1.67421e+09 15.2907 8.30917 0.206174
1.67421e+09 1.96621 14.0808 0.260393
1.67421e+09 2.21575 15.8353 0.288811
1.67421e+09 2.22528 15.8324 0.285219
1.67421e+09 17.3662 10.9947 0.286609
1.67421e+09 19.5564 12.3739 0.317512
1.67421e+09 19.5799 12.3797 0.313889
1.67421e+09 19.3853 12.2464 0.306179
1.67421e+09 19.2117 12.1217 0.298142
1.67421e+09 19.0732 12.0205 0.290542
1.67421e+09 -5.14439 14.2284 0.271799
1.67421e+09 -5.87931 16.2611 0.310627
1.67421e+09 -12.3252 -9.90345 0.250065
1.67421e+09 -13.8565 -11.1715 0.26652
1.67421e+09 -13.8457 -11.2059 0.258391
1.67421e+09 -13.6762 -11.1067 0.247627
1.67421e+09 -13.2323 12.5713 0.292195
1.67421e+09 -12.9332 7.26257 0.238116
1.67421e+09 -14.5403 8.16143 0.258157
1.67421e+09 21.1281 7.16548 0.249913
1.67421e+09 23.7746 8.07056 0.285389
1.67421e+09 23.7865 8.08557 0.289464
1.67421e+09 23.5379 7.99653 0.281588
1.67421e+09 13.8556 20.9379 0.245344
1.67421e+09 15.572 23.5512 0.281799
1.67421e+09 4.2639 25.1745 0.281786
1.67421e+09 4.82451 28.3172 0.307133
