1.67421e+09 8.83383 4.0974 0.325959
1.67421e+09 9.93507 4.61059 0.362822
1.67421e+09 9.9253 4.61229 0.357602
1.67421e+09 9.8049 4.56299 0.350035
1.67421e+09 9.70388 4.46532 0.32312
1.67421e+09 -1.33536 -7.92501 0.321616
1.67421e+09 -1.49999 -8.91146 0.361164
1.67421e+09 -1.51662 -8.93455 0.360898
1.67421e+09 -1.53129 -8.8324 0.334225
1.67421e+09 9.97407 10.298 0.234341
1.67421e+09 11.2086 11.5889 0.258658
1.67421e+09 11.228 11.5661 0.25729
1.67421e+09 11.0891 11.3582 0.270941
1.67421e+09 10.9662 11.2506 0.270956
1.67421e+09 0.669899 10.691 0.221446
1.67421e+09 1.81323 -16.3127 0.348235
1.67421e+09 2.01643 -18.3797 0.398112
1.67421e+09 21.6673 -9.28729 0.219046
1.67421e+09 7.31494 11.3293 0.14964
1.67421e+09 15.53 5.70618 0.1649
1.67421e+09 17.4679 6.42162 0.183649
1.67421e+09 17.459 6.4185 0.175048
1.67421e+09 17.2556 6.34202 0.165103
