1687940956.7443285 7.86636209 -4.75850391 0.235464483 0
1687940956.7443285 -1.44996297 -8.64680958 0.221040726 1
1687940956.7443285 -1.55390263 -7.93115711 0.107054792 2
1687940956.7443285 -1.40214205 7.23580456 0.0816664249 3
1687940956.7443285 1.80965483 -7.41413593 0.107323073 4
1687940956.7443285 -8.00590706 -8.13883018 0.176789254 5
1687940956.7443285 14.286025 7.8336277 0.219121963 6
1687940956.7443285 -0.0653686896 9.69364738 0.145321384 7
1687940956.7443285 -10.0261974 -13.7455206 0.162550464 8
1687940956.7443285 10.6093864 3.48777986 0.118751653 9
