1.67421e+09 2.79564 6.41761 0.284916
1.67421e+09 11.6109 8.34197 0.296216
1.67421e+09 9.88583 -12.7115 0.32831
1.67421e+09 16.4858 -7.93012 0.30168
1.67421e+09 -1.29201 8.61299 0.220773
1.67421e+09 2.67618 11.6297 0.277442
1.67421e+09 -12.2496 -10.0096 0.278339
1.67421e+09 -11.5685 6.35717 0.269019
1.67421e+09 10.7704 13.2152 0.237623
1.67421e+09 -4.57339 -11.4361 0.221265
1.67421e+09 3.90044 -11.0229 0.186048
1.67421e+09 19.1375 8.31817 0.205863
1.67421e+09 23.1617 8.88299 0.316256
1.67421e+09 -11.5204 11.8583 0.256787
