1.67421e+09 5.22942 -4.71599 0.284164
1.67421e+09 -3.91223 -7.28179 0.23568
1.67421e+09 17.1235 4.71121 0.259335
1.67421e+09 -9.03316 8.72618 0.258762
1.67421e+09 -2.61839 -10.4644 0.255758
1.67421e+09 6.96027 -16.6698 0.277275
1.67421e+09 -12.0944 -6.81638 0.322245
1.67421e+09 6.5033 5.80976 0.138518
1.67421e+09 -1.93747 16.8137 0.287994
1.67421e+09 8.11192 7.46364 0.133731
1.67421e+09 17.6116 10.9637 0.260105
1.67421e+09 14.4287 -23.6666 0.266358
1.67421e+09 24.8878 -7.88898 0.25569
1.67421e+09 -6.29339 23.0445 0.303509
