1.67421e+09 1.99357 -7.99668 0.340746
1.67421e+09 2.23376 -8.99883 0.37587
1.67421e+09 2.23797 -8.99161 0.370226
1.67421e+09 2.20982 -8.89023 0.360695
1.67421e+09 2.18752 -8.79593 0.353989
1.67421e+09 2.1855 -8.78735 0.35338
1.67421e+09 2.175 -8.71445 0.349369
1.67421e+09 2.16864 -8.65278 0.352325
1.67421e+09 6.745 -5.99675 0.361739
1.67421e+09 7.70857 -6.85343 0.413416
1.67421e+09 7.71437 -6.82047 0.40362
1.67421e+09 7.7151 -6.81635 0.402395
1.67421e+09 7.71519 -6.81583 0.402242
1.67421e+09 11.7894 4.31236 0.330771
1.67421e+09 13.2622 4.8351 0.3768
1.67421e+09 13.2533 4.83402 0.371283
1.67421e+09 13.0858 4.77658 0.35595
1.67421e+09 12.9449 4.72775 0.344277
1.67421e+09 12.8329 4.68088 0.336652
1.67421e+09 12.7458 4.65203 0.336337
1.67421e+09 12.677 4.61718 0.335836
1.67421e+09 2.02919 8.55491 0.17468
1.67421e+09 2.28297 9.60299 0.187364
1.67421e+09 2.3057 9.5943 0.172374
