1674207963.60122299 1.51904106 -6.52904367 0.309559137 0
1674207963.60122299 4.23530769 -12.3079042 0.27236414 1
1674207963.60122299 6.16766357 8.64503098 0.294940323 2
1674207963.60122299 11.0375042 -7.64430714 0.333368242 3
1674207963.60122299 -2.61810374 6.7470274 0.279579818 4
1674207963.60122299 -6.72992516 8.87534714 0.244106665 5
1674207963.60122299 17.7016487 9.13566494 0.292571068 6
1674207963.60122299 13.6766129 8.56832123 0.189355299 7
1674207963.60122299 -2.80060434 11.9977713 0.276437253 8
1674207963.60122299 5.33446074 13.5496206 0.244681075 9
1674207963.60122299 11.7730684 -19.1062889 0.299928397 10
1674207963.60122299 -10.2045383 -11.00949 0.241265491 11
1674207963.60122299 12.4404593 13.3669386 0.257297665 12
1674207963.60122299 -1.55177891 -10.7068348 0.182351828 13
1674207963.60122299 19.3712616 -7.80539942 0.226382673 14
1674207963.60122299 10.0921049 -18.4733353 0.184215114 15
1674207963.60122299 24.6817017 6.94688034 0.201359823 16
