1.67421e+09 3.85445 -7.34051 0.306441
1.67421e+09 -5.86796 -6.13124 0.310468
1.67421e+09 6.45368 9.00741 0.178631
1.67421e+09 10.5596 9.64701 0.341978
1.67421e+09 -3.36935 -12.0038 0.360258
1.67421e+09 5.24536 13.8049 0.253736
1.67421e+09 4.55141 -18.7023 0.301767
1.67421e+09 13.1913 -13.0539 0.272604
1.67421e+09 12.1315 -7.36928 0.194794
1.67421e+09 -9.94075 12.4212 0.271028
1.67421e+09 -9.73299 7.16288 0.26981
1.67421e+09 17.5337 7.4072 0.189031
1.67421e+09 20.8267 10.6419 0.267308
1.67421e+09 24.3716 6.76493 0.240278
1.67421e+09 -8.78933 -10.2297 0.153132
1.67421e+09 5.71057 -17.4605 0.170114
1.67421e+09 2.91558 -18.054 0.168436
1.67421e+09 -4.75217 -12.2434 0.190236
