1.67421e+09 8.21628 3.98385 0.317353
1.67421e+09 9.24468 4.49 0.361228
1.67421e+09 9.23454 4.49438 0.357451
1.67421e+09 9.12212 4.45229 0.352788
1.67421e+09 9.01536 4.40835 0.343091
1.67421e+09 8.92335 4.37563 0.334152
1.67421e+09 -2.03997 -7.93467 0.311705
1.67421e+09 -2.28676 -8.91536 0.352714
1.67421e+09 -2.28227 -8.90891 0.353149
1.67421e+09 -2.27584 -8.83561 0.356121
1.67421e+09 9.52671 10.1474 0.268433
1.67421e+09 10.6986 11.4258 0.295877
1.67421e+09 10.8451 11.5856 0.299308
1.67421e+09 10.8634 11.6056 0.299737
1.67421e+09 10.6957 11.4547 0.289941
1.67421e+09 10.5431 11.3162 0.281116
1.67421e+09 0.156357 10.6563 0.205794
1.67421e+09 20.9808 -9.55479 0.274091
1.67421e+09 23.6131 -10.7367 0.309248
1.67421e+09 23.6278 -10.6913 0.295545
1.67421e+09 14.957 5.59828 0.172364
1.67421e+09 16.8239 6.28698 0.19307
1.67421e+09 16.8101 6.27442 0.182825
