1.67421e+09 0.684619 -5.73946 0.288248
1.67421e+09 2.22017 5.54437 0.194099
1.67421e+09 6.01288 -8.4645 0.316343
1.67421e+09 6.26838 6.58307 0.227251
1.67421e+09 -2.88455 5.56621 0.158908
1.67421e+09 17.6807 -8.63923 0.323851
1.67421e+09 -2.99593 -9.64907 0.262329
1.67421e+09 10.2558 11.7099 0.254027
1.67421e+09 17.8599 3.54432 0.256497
1.67421e+09 -0.356468 12.7698 0.252666
1.67421e+09 -10.3476 -5.16651 0.228653
1.67421e+09 -3.87764 16.3136 0.302506
1.67421e+09 2.36096 7.3615 0.102964
1.67421e+09 11.4602 -12.0898 0.170844
1.67421e+09 8.15735 -17.92 0.232736
1.67421e+09 24.8646 3.92536 0.26445
1.67421e+09 1.64201 -8.85165 0.14971
1.67421e+09 -7.00966 6.15911 0.127684
1.67421e+09 17.5512 11.5714 0.234981
1.67421e+09 -9.20295 8.7305 0.148833
1.67421e+09 -7.13312 -13.4834 0.189435
1.67421e+09 15.1233 -8.79061 0.152426
1.67421e+09 11.7022 6.01197 0.151467
1.67421e+09 20.3867 15.195 0.220427
