1687940925.27615404 -0.0152302291 -5.71788311 0.209087551 0
1687940925.27615404 3.1254437 8.10878372 0.208462223 1
1687940925.27615404 13.6978893 -3.76395679 0.247440249 2
1687940925.27615404 -1.63847673 -5.32338047 0.111825801 3
1687940925.27615404 0.185778961 16.1637058 0.2368709 4
1687940925.27615404 10.7050018 -4.01252556 0.141367063 5
1687940925.27615404 -1.85897899 8.69196606 0.096699886 6
1687940925.27615404 9.09361172 -12.9380074 0.177507326 7
1687940925.27615404 -1.36985779 -8.21177101 0.132115915 8
1687940925.27615404 1.2408216 -9.65263081 0.145228863 9
