1674207954.72554564 2.4288938 -7.34867525 0.317591012 0
1674207954.72554564 -11.506876 -4.74092054 0.270128995 1
1674207954.72554564 3.90853429 6.86913395 0.144147918 2
1674207954.72554564 18.4357567 6.10764599 0.314700335 3
1674207954.72554564 -8.52966881 4.95057344 0.279779285 4
1674207954.72554564 18.9030094 -10.3630877 0.316716164 5
1674207954.72554564 12.9775019 5.5590415 0.236602396 6
1674207954.72554564 4.9103713 16.5520706 0.24371244 7
1674207954.72554564 -1.13808024 5.2042079 0.256990254 8
1674207954.72554564 18.0804691 11.5184069 0.207464844 9
1674207954.72554564 -2.10337567 -8.41752911 0.12439958 10
1674207954.72554564 -10.1065512 -23.792942 0.305444121 11
1674207954.72554564 -15.1100922 13.2012043 0.247718111 12
1674207954.72554564 -12.0497274 16.6317348 0.229473427 13
1674207954.72554564 -11.5866919 -17.7131748 0.225222036 14
1674207954.72554564 -2.06599736 7.03849745 0.0731377602 15
1674207954.72554564 0.0529360697 -8.13401508 0.105100401 16
1674207954.72554564 4.89350748 23.1704063 0.232722238 17
1674207954.72554564 -0.472488135 7.49775219 0.119085364 18
