1687940928.60486054 8.57348537 1.9386909 0.210376099 0
1687940928.60486054 4.30904818 -5.94188261 0.199887738 1
1687940928.60486054 7.76699877 7.76523924 0.208590552 2
1687940928.60486054 -2.96802354 -12.0941372 0.272504151 3
1687940928.60486054 9.3801775 -3.50089073 0.21764183 4
1687940928.60486054 -5.45098114 11.7209988 0.19561854 5
1687940928.60486054 -1.19381595 5.15043354 0.0576372072 6
1687940928.60486054 18.0859928 -4.21462536 0.250547081 7
1687940928.60486054 4.89067602 15.9294138 0.234512433 8
1687940928.60486054 2.5205729 8.42628384 0.0966109708 9
