1.67421e+09 -0.394291 -5.6689 0.34194
1.67421e+09 -0.43481 -6.34838 0.354227
1.67421e+09 -5.53818 -7.91497 0.307813
1.67421e+09 -6.21345 -8.90106 0.345013
1.67421e+09 -6.19376 -8.9027 0.344402
1.67421e+09 -6.13832 -8.81561 0.348433
1.67421e+09 -6.06006 -8.72661 0.341671
1.67421e+09 -6.0189 -8.65345 0.343452
1.67421e+09 -5.98359 -8.58403 0.338947
1.67421e+09 -5.98088 -8.57869 0.3386
1.67421e+09 -5.98067 -8.57828 0.338574
1.67421e+09 9.41164 4.68281 0.266834
1.67421e+09 10.6063 5.26448 0.298773
1.67421e+09 10.6242 5.25943 0.296009
1.67421e+09 10.522 5.19309 0.28951
1.67421e+09 10.4208 5.13775 0.284268
1.67421e+09 10.341 5.08921 0.279711
1.67421e+09 10.2795 5.04762 0.275533
1.67421e+09 10.2291 5.01142 0.271534
1.67421e+09 10.1883 4.98115 0.268275
1.67421e+09 10.1539 4.95346 0.26419
1.67421e+09 13.7095 -7.62416 0.292969
1.67421e+09 15.668 -8.71333 0.334821
1.67421e+09 15.6717 -8.7099 0.325994
1.67421e+09 15.6722 -8.70947 0.32489
1.67421e+09 15.4493 -8.59751 0.303371
1.67421e+09 15.4246 -8.58507 0.30098
1.67421e+09 15.2956 -8.48773 0.300773
1.67421e+09 -4.69582 12.2666 0.256835
1.67421e+09 -5.29219 13.7955 0.286254
1.67421e+09 -5.2852 13.7919 0.280068
1.67421e+09 -5.23623 13.6277 0.274027
1.67421e+09 -7.9035 -8.04169 0.156141
1.67421e+09 -8.87716 -9.03236 0.166178
1.67421e+09 -8.88397 -9.03126 0.165108
1.67421e+09 -8.77907 -8.89614 0.156448
1.67421e+09 -8.71308 -8.77592 0.17242
1.67421e+09 -8.64181 -8.6837 0.166541
1.67421e+09 9.05909 -8.94333 0.154728
1.67421e+09 10.2086 -10.0669 0.168954
1.67421e+09 10.2301 -10.0701 0.167205
1.67421e+09 10.0995 -9.95534 0.165505
1.67421e+09 10.0112 -9.85546 0.164703
1.67421e+09 9.94703 -9.76506 0.15781
1.67421e+09 9.89413 -9.69166 0.156113
1.67421e+09 9.84968 -9.63176 0.155073
1.67421e+09 -1.69024 15.707 0.224364
1.67421e+09 -1.89525 17.6774 0.250099
1.67421e+09 -1.92088 17.9237 0.253316
1.67421e+09 11.2653 -8.60964 0.181245
1.67421e+09 12.8746 -9.83959 0.207137
1.67421e+09 13.1045 -10.0153 0.210836
1.67421e+09 12.8804 -9.88239 0.200466
1.67421e+09 12.6538 -9.71448 0.196184
1.67421e+09 12.5376 -9.56554 0.206832
1.67421e+09 14.6566 6.52013 0.172723
1.67421e+09 16.5048 7.32357 0.186987
1.67421e+09 16.5338 7.31719 0.188119
1.67421e+09 16.3195 7.24986 0.196349
1.67421e+09 16.114 7.1794 0.189079
1.67421e+09 15.9764 7.11645 0.183044
1.67421e+09 15.8916 7.05643 0.183859
1.67421e+09 -2.00998 -10.5577 0.182255
1.67421e+09 -2.25022 -11.8758 0.205511
1.67421e+09 15.266 16.1619 0.232951
1.67421e+09 17.1851 18.1909 0.271237
1.67421e+09 17.1942 18.1812 0.269992
1.67421e+09 17.0262 17.9629 0.269214
1.67421e+09 16.8608 17.7622 0.260355
1.67421e+09 8.49205 6.39596 0.0857048
1.67421e+09 9.56808 7.21429 0.0996408
1.67421e+09 9.57675 7.22982 0.0978472
1.67421e+09 13.7598 -17.2485 0.155171
1.67421e+09 15.5128 -19.4169 0.177569
1.67421e+09 15.5482 -19.4195 0.176672
1.67421e+09 6.62006 19.1639 0.270317
1.67421e+09 7.46879 21.5535 0.301666
1.67421e+09 3.78164 -15.8106 0.135024
1.67421e+09 1.5049 -9.20481 0.0890763
1.67421e+09 -11.9476 12.8073 0.290444
1.67421e+09 17.2163 -15.0366 0.229995
1.67421e+09 19.3756 -16.9179 0.257578
1.67421e+09 19.3997 -16.9078 0.24862
1.67421e+09 4.36417 24.0121 0.241062
1.67421e+09 4.92121 27.0005 0.261354
