1.67421e+09 1.44065 -5.97288 0.252804
1.67421e+09 1.63473 -6.70228 0.282571
1.67421e+09 1.62201 -6.71951 0.281649
1.67421e+09 1.58951 -6.65942 0.277195
1.67421e+09 1.56218 -6.60132 0.273682
1.67421e+09 1.54224 -6.54931 0.270437
1.67421e+09 1.53153 -6.50268 0.267679
1.67421e+09 1.53554 -6.44809 0.264646
1.67421e+09 1.5272 -6.41533 0.262591
1.67421e+09 12.2882 -6.80896 0.356055
1.67421e+09 13.8633 -7.65306 0.405941
1.67421e+09 13.8962 -7.63956 0.403943
1.67421e+09 13.7428 -7.55493 0.396194
1.67421e+09 13.7274 -7.54647 0.395419
1.67421e+09 13.6239 -7.46387 0.387093
1.67421e+09 13.5378 -7.38191 0.378324
1.67421e+09 13.4651 -7.31938 0.376359
1.67421e+09 13.4101 -7.26078 0.369557
1.67421e+09 2.74124 7.92465 0.179573
1.67421e+09 3.08682 8.91603 0.200155
1.67421e+09 3.09681 8.92844 0.20605
1.67421e+09 3.06865 8.84716 0.211342
1.67421e+09 3.0486 8.78221 0.222817
1.67421e+09 3.04266 8.71961 0.217992
1.67421e+09 3.0177 8.65457 0.212614
1.67421e+09 3.01217 8.6093 0.207312
1.67421e+09 3.00511 8.57561 0.20855
1.67421e+09 2.99601 8.54099 0.206138
1.67421e+09 8.59488 -10.5927 0.26816
1.67421e+09 9.68701 -11.9069 0.296855
1.67421e+09 9.69495 -11.9046 0.295739
1.67421e+09 9.6052 -11.7663 0.290136
1.67421e+09 9.52549 -11.6356 0.28345
1.67421e+09 9.46793 -11.5253 0.280353
1.67421e+09 9.46313 -11.5161 0.280095
1.67421e+09 9.37525 -11.4416 0.278932
1.67421e+09 9.09746 4.49749 0.140107
1.67421e+09 10.241 5.06043 0.159581
1.67421e+09 10.2396 5.05709 0.156293
1.67421e+09 10.1304 4.99685 0.151972
1.67421e+09 10.0323 4.94007 0.147531
1.67421e+09 9.9558 4.89355 0.144763
1.67421e+09 9.89325 4.85697 0.140266
1.67421e+09 9.83369 4.81698 0.141901
1.67421e+09 9.76329 4.79618 0.139495
1.67421e+09 9.73299 4.77316 0.135351
1.67421e+09 -4.37683 -11.6772 0.266416
1.67421e+09 -4.92613 -13.1349 0.297688
1.67421e+09 -4.93376 -13.1556 0.297047
1.67421e+09 -4.88605 -13.0309 0.291549
1.67421e+09 14.3159 4.44709 0.226518
1.67421e+09 16.0737 4.99113 0.248392
1.67421e+09 16.0586 4.98002 0.241259
1.67421e+09 16.0569 4.97879 0.240467
1.67421e+09 15.8802 4.92228 0.232464
1.67421e+09 15.7253 4.87188 0.226577
1.67421e+09 15.6097 4.83938 0.220365
1.67421e+09 15.5096 4.81452 0.221315
1.67421e+09 4.93214 5.23726 0.142528
1.67421e+09 5.58844 5.88924 0.152238
1.67421e+09 5.56905 5.90018 0.146239
1.67421e+09 5.50323 5.8353 0.137508
1.67421e+09 5.46348 5.77739 0.132519
1.67421e+09 5.44602 5.73904 0.140105
1.67421e+09 5.44457 5.73585 0.140738
1.67421e+09 5.40981 5.6949 0.133075
1.67421e+09 5.36876 5.65715 0.125991
1.67421e+09 8.44302 15.4399 0.292938
1.67421e+09 9.50702 17.3815 0.331281
1.67421e+09 9.64002 17.6242 0.336074
1.67421e+09 9.50286 17.3909 0.33197
1.67421e+09 9.373 17.1744 0.335031
1.67421e+09 -7.75142 6.68105 0.195198
1.67421e+09 -8.73302 7.50841 0.217118
1.67421e+09 -8.7154 7.5123 0.211448
1.67421e+09 -6.65387 10.8744 0.197715
1.67421e+09 -7.48452 12.2326 0.218846
1.67421e+09 -7.46174 12.2665 0.215038
1.67421e+09 -7.35189 12.1651 0.208373
1.67421e+09 -3.04274 14.771 0.247126
1.67421e+09 -3.43028 16.6187 0.278351
1.67421e+09 -3.47872 16.8497 0.282254
1.67421e+09 -2.57648 -17.6974 0.338114
1.67421e+09 4.29293 -14.3683 0.159915
1.67421e+09 4.84501 -16.1547 0.182416
1.67421e+09 4.8698 -16.1357 0.185268
1.67421e+09 4.87256 -16.1336 0.185585
1.67421e+09 4.82505 -15.9418 0.179705
1.67421e+09 11.7814 11.712 0.233666
