1687940912.5678885 5.64813948 -4.44709682 0.230080366 0
1687940912.5678885 -1.74034774 -6.62082577 0.151502401 1
1687940912.5678885 10.9348373 4.09582281 0.213146523 2
1687940912.5678885 -5.39533806 5.64918661 0.23634176 3
1687940912.5678885 8.02344608 1.60757446 0.174550876 4
1687940912.5678885 -0.735661745 5.32869387 0.115915284 5
1687940912.5678885 8.54334736 -5.37563276 0.117617309 6
1687940912.5678885 11.1116276 3.00310135 0.152412444 7
1687940912.5678885 13.1833782 8.93636227 0.226140872 8
1687940912.5678885 6.01941442 9.9964304 0.111238748 9
1687940912.5678885 9.83762169 5.68672895 0.115151979 10
