1.67421e+09 3.88395 -6.85059 0.230881
1.67421e+09 -4.39224 -6.71488 0.262875
1.67421e+09 2.35947 10.1926 0.282219
1.67421e+09 9.27646 7.97472 0.190933
1.67421e+09 -9.1431 9.69115 0.325499
1.67421e+09 -11.7426 -11.3536 0.334402
1.67421e+09 4.92518 -12.4643 0.307447
1.67421e+09 12.5095 11.1912 0.292338
1.67421e+09 16.1669 7.33277 0.236034
1.67421e+09 8.32599 -12.6233 0.155025
1.67421e+09 -10.0154 14.57 0.266721
1.67421e+09 -3.57522 -18.1448 0.285273
1.67421e+09 9.00463 21.1692 0.236165
1.67421e+09 23.6971 15.066 0.273741
1.67421e+09 -0.585634 25.4535 0.281697
