1687940920.83829641 9.01887703 -2.88507032 0.254911035 0
1687940920.83829641 -4.48305464 -5.53644609 0.20254977 1
1687940920.83829641 4.92267179 6.03873158 0.193575844 2
1687940920.83829641 6.02099419 -3.27602243 0.114860184 3
1687940920.83829641 -1.98055434 8.43247128 0.17678532 4
1687940920.83829641 9.21487236 -6.08995485 0.148954719 5
1687940920.83829641 6.10468054 11.3563013 0.191537693 6
1687940920.83829641 9.74842262 5.96502352 0.168149754 7
1687940920.83829641 4.91496277 -12.3444881 0.193559185 8
1687940920.83829641 -5.87416744 -8.00466728 0.136653125 9
1687940920.83829641 16.3430538 -3.57897234 0.217768669 10
