1687940946.86005592 3.14215684 -7.19245863 0.280222237 0
1687940946.86005592 1.20377052 -11.4003 0.285466701 1
1687940946.86005592 10.3522158 -3.96221352 0.272020638 2
1687940946.86005592 4.06054401 8.03739357 0.199989185 3
1687940946.86005592 12.3261528 2.45263004 0.172574386 4
1687940946.86005592 5.67221117 -5.28438568 0.152519226 5
1687940946.86005592 -2.94134784 11.2850981 0.228657514 6
1687940946.86005592 -0.50915575 -9.88532352 0.126463428 7
1687940946.86005592 8.12946129 -4.19639969 0.140959591 8
1687940946.86005592 -6.82900906 -12.2521515 0.198172942 9
1687940946.86005592 -4.29703999 -7.0109086 0.0954835415 10
1687940946.86005592 -4.71529007 -5.3002429 0.124173567 11
1687940946.86005592 9.19524765 -11.1780024 0.136036381 12
