1674207966.32440948 5.50975704 9.97346401 0.295406282 0
1674207966.32440948 -10.888339 -5.57999706 0.243867129 1
1674207966.32440948 -8.35408401 -11.6077881 0.322151601 2
1674207966.32440948 12.4948187 7.82162333 0.200297341 3
1674207966.32440948 7.22629118 -7.00587416 0.199243307 4
1674207966.32440948 1.51678824 9.36709404 0.175598681 5
1674207966.32440948 15.7185059 11.059164 0.268027604 6
1674207966.32440948 0.255643904 14.1719885 0.252941877 7
1674207966.32440948 -6.85499525 14.3430061 0.268589735 8
1674207966.32440948 -0.338441551 -18.3770332 0.329148203 9
