1674207958.96176195 2.99368453 5.67346811 0.295076638 0
1674207958.96176195 2.03172636 -10.7146883 0.332638919 1
1674207958.96176195 -2.95166945 5.59284639 0.18445541 2
1674207958.96176195 9.89833927 -12.0602417 0.261834502 3
1674207958.96176195 2.66205239 11.1842613 0.234324366 4
1674207958.96176195 17.518383 5.76365423 0.24043642 5
1674207958.96176195 21.4594288 -7.35745049 0.295911014 6
1674207958.96176195 -11.5194788 -14.0602436 0.210666001 7
1674207958.96176195 12.6733427 -20.7386932 0.238916934 8
1674207958.96176195 3.14869905 11.1647463 0.217534885 9
1674207958.96176195 -0.699180841 22.7316971 0.249693334 10
1674207958.96176195 -9.98881245 17.3098774 0.267745405 11
1674207958.96176195 -7.56254816 -23.8646011 0.225419492 12
1674207958.96176195 -14.9446964 -15.7824306 0.204952344 13
1674207958.96176195 -9.56306458 23.8594627 0.257152021 14
