1687940889.77353859 1.87476528 6.25646639 0.177183986 0
1687940889.77353859 8.9974165 5.46447182 0.322628945 1
1687940889.77353859 5.58993864 -1.22228587 0.225752458 2
1687940889.77353859 -0.776762664 -5.18015432 0.136676535 3
1687940889.77353859 -1.93570065 7.76590395 0.213621736 4
1687940889.77353859 8.10304832 3.65748239 0.32342279 5
1687940889.77353859 5.97051907 -5.22315645 0.216209143 6
1687940889.77353859 1.95330811 -14.7504253 0.225530475 7
1687940889.77353859 -6.71250582 8.5908165 0.170767963 8
1687940889.77353859 -4.81568098 6.43266392 0.114991508 9
