1.67421e+09 8.36944 4.0093 0.310428
1.67421e+09 9.40178 4.51817 0.347058
1.67421e+09 9.38683 4.52078 0.3412
1.67421e+09 -1.8385 -7.91733 0.307455
1.67421e+09 -2.08421 -8.92672 0.341862
1.67421e+09 9.62382 10.1689 0.227765
1.67421e+09 10.8136 11.4659 0.270708
1.67421e+09 1.24444 -16.3155 0.313982
1.67421e+09 4.1225 -6.12949 0.195897
1.67421e+09 7.00352 11.3003 0.166875
1.67421e+09 7.8891 12.717 0.185005
1.67421e+09 7.89167 12.7209 0.183396
1.67421e+09 21.1412 -9.53944 0.265009
1.67421e+09 23.8099 -10.6896 0.293291
1.67421e+09 23.851 -10.6367 0.303217
1.67421e+09 23.624 -10.4738 0.302451
1.67421e+09 15.0832 5.63418 0.15158
1.67421e+09 16.9667 6.33165 0.171058
1.67421e+09 16.92 6.31546 0.184123
1.67421e+09 16.7255 6.23726 0.176516
