1687940929.2096262 9.40838909 1.04055476 0.215894535 0
1687940929.2096262 4.79563761 -6.61927366 0.211169347 1
1687940929.2096262 5.31159067 2.30245256 0.141026855 2
1687940929.2096262 9.01304245 6.90681028 0.212401897 3
1687940929.2096262 -2.98802352 -12.2370644 0.265190482 4
1687940929.2096262 -4.07757998 11.6892872 0.233239487 5
1687940929.2096262 9.8342638 -4.43520546 0.206181213 6
1687940929.2096262 6.48007822 15.1962738 0.241234958 7
1687940929.2096262 3.98458743 7.87058258 0.110803425 8
1687940929.2096262 18.5607014 -5.70039511 0.256498009 9
