1.67421e+09 7.04872 -5.35749 0.304219
1.67421e+09 4.78438 8.23459 0.191239
1.67421e+09 -0.781666 -6.59534 0.261042
1.67421e+09 7.9395 11.3684 0.269439
1.67421e+09 -2.11269 10.5658 0.288262
1.67421e+09 5.58954 -6.67118 0.174783
1.67421e+09 11.6323 7.43838 0.247222
1.67421e+09 -9.15851 -6.43374 0.278864
1.67421e+09 0.311596 -12.2702 0.310631
1.67421e+09 -6.22743 9.98771 0.169223
1.67421e+09 15.9919 -8.71219 0.215299
1.67421e+09 -7.3779 14.8422 0.276661
1.67421e+09 -14.4414 15.1457 0.280666
1.67421e+09 3.38702 -12.5883 0.168516
1.67421e+09 4.65635 21.566 0.232872
