1.67421e+09 7.50556 4.22323 0.318101
1.67421e+09 -5.26724 -4.57074 0.264958
1.67421e+09 -6.14442 4.47034 0.203696
1.67421e+09 8.39017 10.4742 0.267621
1.67421e+09 13.9449 -8.74446 0.283183
1.67421e+09 18.4727 -6.96232 0.286671
1.67421e+09 -1.20075 7.74012 0.190595
1.67421e+09 2.09946 12.0161 0.265243
1.67421e+09 17.1471 -17.255 0.300514
1.67421e+09 -2.92886 6.18721 0.104002
1.67421e+09 -13.3508 -9.44638 0.251826
1.67421e+09 2.10929 8.9839 0.0973918
1.67421e+09 -4.12638 -16.3195 0.27447
1.67421e+09 -7.14141 24.2177 0.258646
