1687940897.53976536 -0.845873833 -7.98837423 0.208829492 0
1687940897.53976536 -1.78576386 8.80686092 0.184732497 1
1687940897.53976536 5.37652349 -4.4373045 0.142950311 2
1687940897.53976536 14.2540646 6.96524143 0.306084186 3
1687940897.53976536 5.7536478 -2.27309179 0.0894994214 4
1687940897.53976536 3.11453843 8.30308628 0.199972093 5
1687940897.53976536 0.182308152 6.72030449 0.122653872 6
1687940897.53976536 7.05965614 7.09268141 0.152594358 7
1687940897.53976536 -5.60565519 10.8611965 0.245933637 8
1687940897.53976536 4.58125305 16.1923676 0.310262531 9
1687940897.53976536 2.68144965 15.042944 0.169052482 10
1687940897.53976536 -6.56796694 16.9300747 0.17901732 11
