1.67421e+09 2.99326 8.2442 0.195334
1.67421e+09 6.15975 11.3419 0.26579
1.67421e+09 -2.65942 -6.53904 0.230995
1.67421e+09 3.6982 -6.66977 0.180829
1.67421e+09 -3.9131 10.555 0.267232
1.67421e+09 9.85201 7.40559 0.25414
1.67421e+09 14.1413 -8.75696 0.224837
1.67421e+09 -7.96205 10.0271 0.203896
1.67421e+09 -9.15205 14.9074 0.286441
1.67421e+09 23.0921 -6.6418 0.264953
1.67421e+09 15.0536 -12.0576 0.263011
1.67421e+09 17.5138 15.1599 0.313814
1.67421e+09 -16.2115 15.202 0.261065
1.67421e+09 -10.4838 -17.6633 0.263982
1.67421e+09 13.5002 21.4523 0.257771
1.67421e+09 -6.53805 25.9736 0.263843
