1687940908.53341556 -6.27385235 -6.71891308 0.210323587 0
1687940908.53341556 15.8103352 -2.64145613 0.259479374 1
1687940908.53341556 6.3044548 10.4948273 0.255817711 2
1687940908.53341556 3.34669805 -12.9869871 0.216218412 3
1687940908.53341556 3.69781899 6.9925909 0.104614221 4
1687940908.53341556 -0.547824979 10.8809843 0.122881338 5
1687940908.53341556 -10.1280413 -13.0649891 0.192070127 6
1687940908.53341556 -0.497378081 -8.18642139 0.090862371 7
1687940908.53341556 5.16641855 16.528017 0.179301366 8
1687940908.53341556 -3.81070662 -15.4713697 0.143116772 9
