1687940926.28470755 1.54307985 -5.50777483 0.225610435 0
1687940926.28470755 4.15042591 8.50370884 0.209695011 1
1687940926.28470755 5.23977375 2.69612074 0.191633388 2
1687940926.28470755 0.0274679456 -5.26139688 0.247815281 3
1687940926.28470755 6.23825502 -2.67600131 0.194292381 4
1687940926.28470755 15.1615248 -2.87192059 0.25386098 5
1687940926.28470755 5.39919376 -2.2670567 0.10238833 6
1687940926.28470755 -1.01172268 8.79550076 0.110455953 7
1687940926.28470755 0.676389873 16.3874893 0.247036189 8
1687940926.28470755 12.2218552 11.3125629 0.15748629 9
1687940926.28470755 12.1899776 -3.23801327 0.132055894 10
1687940926.28470755 11.0954485 9.94721031 0.0708313808 11
