1687940925.98215437 1.1182282 -5.58097363 0.209508032 0
1687940925.98215437 3.81042218 8.41195583 0.210394934 1
1687940925.98215437 5.84516239 -2.77686763 0.186963528 2
1687940925.98215437 14.7599249 -3.11221623 0.251380742 3
1687940925.98215437 -5.8520093 -12.0484886 0.273837447 4
1687940925.98215437 -0.312140912 -5.36260509 0.216715112 5
1687940925.98215437 -1.40287435 8.82218838 0.143813521 6
1687940925.98215437 0.492299438 16.298296 0.230674103 7
1687940925.98215437 10.5113192 -12.3419409 0.178498164 8
1687940925.98215437 5.2131958 -2.41396523 0.071932137 9
1687940925.98215437 2.47677588 -9.38712788 0.0935782343 10
1687940925.98215437 11.8334246 11.1046305 0.270142019 11
1687940925.98215437 11.8870602 -3.45717168 0.123155192 12
