1687940931.02509785 -0.783165157 -12.2599173 0.212029755 0
1687940931.02509785 7.02652597 -6.83228302 0.20712018 1
1687940931.02509785 11.7201204 0.81980443 0.198150381 2
1687940931.02509785 5.14670181 3.59616995 0.232626602 3
1687940931.02509785 7.5308032 2.13589692 0.0990878046 4
1687940931.02509785 11.4091187 6.68159914 0.204849184 5
1687940931.02509785 -1.62836099 11.6066742 0.210013241 6
1687940931.02509785 12.0993824 -4.63246107 0.226111859 7
1687940931.02509785 9.03044891 15.0154057 0.276726514 8
1687940931.02509785 1.88524854 12.6328964 0.127194881 9
