1687940942.22053432 6.1938448 3.68643665 0.185965613 0
1687940942.22053432 -2.33812451 8.72516441 0.185181201 1
1687940942.22053432 -2.25659251 -6.43808937 0.22321023 2
1687940942.22053432 0.737291932 5.81000233 0.0878525674 3
1687940942.22053432 10.4953938 -4.64913464 0.181947574 4
1687940942.22053432 6.91823387 -5.55426931 0.198015258 5
1687940942.22053432 15.183548 -2.50855017 0.196991041 6
1687940942.22053432 -0.921490252 -9.24835014 0.148699403 7
1687940942.22053432 4.08330631 -10.1640329 0.13816689 8
1687940942.22053432 5.70584011 3.29836893 0.146857455 9
1687940942.22053432 -1.4287467 -7.723032 0.104267336 10
1687940942.22053432 -5.86875391 -9.42181873 0.116309181 11
