1.67421e+09 1.4143 -6.00001 0.250664
1.67421e+09 12.4242 -6.74178 0.332763
1.67421e+09 9.09165 4.45214 0.131325
1.67421e+09 2.79037 7.99505 0.192332
1.67421e+09 8.67629 -10.5607 0.263847
1.67421e+09 -4.39446 -11.7142 0.26137
1.67421e+09 14.306 4.43462 0.196196
1.67421e+09 8.42687 15.4251 0.293078
1.67421e+09 4.97031 5.23728 0.123581
1.67421e+09 -7.74954 6.66649 0.183969
1.67421e+09 -6.61223 10.9436 0.192619
1.67421e+09 -2.57794 -17.6907 0.331922
1.67421e+09 -3.05068 14.7717 0.245867
1.67421e+09 4.34326 -14.3025 0.158111
1.67421e+09 11.7233 11.6817 0.226473
1.67421e+09 3.31222 11.0325 0.123784
1.67421e+09 18.8062 10.1941 0.162102
