1.67421e+09 8.9653 4.08318 0.324049
1.67421e+09 10.0865 4.59187 0.360833
1.67421e+09 10.0756 4.59559 0.355648
1.67421e+09 9.95739 4.55219 0.354067
1.67421e+09 9.84232 4.50772 0.344639
1.67421e+09 -1.21599 -7.94252 0.322319
1.67421e+09 -1.36445 -8.92866 0.361274
1.67421e+09 -1.37091 -8.93672 0.358799
1.67421e+09 10.1645 10.2631 0.22977
1.67421e+09 11.4202 11.551 0.253017
1.67421e+09 11.4036 11.5563 0.247029
1.67421e+09 11.4018 11.5569 0.246363
1.67421e+09 21.7859 -9.36456 0.260195
1.67421e+09 24.5296 -10.5058 0.291227
1.67421e+09 24.5503 -10.4536 0.281803
1.67421e+09 0.807611 10.6462 0.161778
1.67421e+09 15.6592 5.71313 0.139195
