1.67421e+09 3.91891 -5.79933 0.298386
1.67421e+09 4.39863 -6.53087 0.334669
1.67421e+09 4.40702 -6.53945 0.333387
1.67421e+09 4.3755 -6.45291 0.319681
1.67421e+09 4.34401 -6.36744 0.30784
1.67421e+09 4.30058 -6.2903 0.299843
1.67421e+09 6.44167 3.95743 0.272009
1.67421e+09 7.25316 4.45122 0.305783
1.67421e+09 7.25761 4.45668 0.303684
1.67421e+09 7.18434 4.41236 0.298086
1.67421e+09 7.11443 4.36999 0.290442
1.67421e+09 7.05468 4.33323 0.286271
1.67421e+09 7.00459 4.30357 0.280685
1.67421e+09 6.9562 4.27648 0.279449
1.67421e+09 6.91427 4.25249 0.279096
1.67421e+09 6.8811 4.2332 0.280515
1.67421e+09 -0.995941 -8.19104 0.316057
1.67421e+09 13.736 4.49346 0.253977
1.67421e+09 15.4795 5.04524 0.284728
1.67421e+09 15.4962 5.03962 0.282908
1.67421e+09 15.3444 4.97458 0.277406
1.67421e+09 15.2015 4.9195 0.273329
1.67421e+09 15.0892 4.8707 0.268402
1.67421e+09 14.9978 4.82876 0.263185
1.67421e+09 14.9259 4.79411 0.260194
1.67421e+09 14.8663 4.76358 0.25592
1.67421e+09 2.47045 -10.7728 0.221146
1.67421e+09 2.73599 -12.1244 0.238832
1.67421e+09 2.70547 -12.1383 0.239346
1.67421e+09 2.66215 -12.0052 0.232504
1.67421e+09 2.62869 -11.8804 0.225514
1.67421e+09 2.59357 -11.7761 0.216776
1.67421e+09 2.56595 -11.6907 0.210426
1.67421e+09 2.53938 -11.6223 0.206705
1.67421e+09 2.54713 -11.5552 0.199884
1.67421e+09 18.5077 -7.82561 0.333564
1.67421e+09 20.7806 -8.80289 0.366587
1.67421e+09 21.0648 -8.92505 0.370715
1.67421e+09 21.1003 -8.94032 0.371231
1.67421e+09 20.8616 -8.82141 0.374028
1.67421e+09 20.6426 -8.70424 0.358395
1.67421e+09 20.4487 -8.60366 0.354739
1.67421e+09 20.3082 -8.52335 0.34306
1.67421e+09 -7.69073 12.5735 0.298504
1.67421e+09 -8.64387 14.1289 0.330536
1.67421e+09 -8.63308 14.1125 0.324591
1.67421e+09 -0.413429 11.9904 0.23128
1.67421e+09 -3.52125 -8.21226 0.23363
1.67421e+09 2.597 15.4903 0.229995
1.67421e+09 13.7236 -9.10289 0.164044
1.67421e+09 15.5073 -10.2427 0.189018
1.67421e+09 15.5266 -10.2561 0.187912
1.67421e+09 15.3723 -10.1488 0.181909
1.67421e+09 15.2362 -10.0535 0.180861
1.67421e+09 15.1247 -9.96759 0.17771
1.67421e+09 15.037 -9.89715 0.177349
1.67421e+09 -7.32288 -11.4005 0.164735
1.67421e+09 -8.21008 -12.8339 0.185964
1.67421e+09 -8.17725 -12.8316 0.179237
1.67421e+09 4.51752 -18.7071 0.199621
1.67421e+09 5.11132 -21.0824 0.244381
1.67421e+09 -6.1982 6.80662 0.132839
1.67421e+09 -6.9921 7.63416 0.154384
1.67421e+09 -7.00556 7.64518 0.148091
1.67421e+09 -6.94901 7.5652 0.141358
1.67421e+09 16.0537 -8.76651 0.150648
1.67421e+09 19.5409 16.0247 0.258463
1.67421e+09 21.9997 18.011 0.290497
1.67421e+09 22.0119 17.9886 0.284363
1.67421e+09 21.7835 17.7674 0.27622
1.67421e+09 21.5859 17.5679 0.27249
1.67421e+09 -11.7431 7.51157 0.180008
1.67421e+09 8.63081 23.7493 0.211589
