1687940944.74202347 7.66784477 -2.86707616 0.236725807 0
1687940944.74202347 -0.805980682 -10.923481 0.272621483 1
1687940944.74202347 0.682284236 8.6627903 0.204521433 2
1687940944.74202347 5.5209837 -3.26881623 0.107920729 3
1687940944.74202347 2.02131319 -7.74825764 0.134008467 4
1687940944.74202347 9.2594099 3.68113112 0.182626799 5
1687940944.74202347 3.80967855 5.71938276 0.0962784588 6
1687940944.74202347 6.1168704 4.51015377 0.203506127 7
1687940944.74202347 -2.62867689 -9.54180813 0.131731167 8
1687940944.74202347 18.3105679 -2.44453025 0.187208936 9
1687940944.74202347 -8.79758453 -12.2949677 0.172174081 10
1687940944.74202347 2.51952124 -9.31872654 0.129646793 11
1687940944.74202347 4.43676567 9.76339531 0.134832203 12
1687940944.74202347 6.11826229 16.1352768 0.222209215 13
1687940944.74202347 13.6869535 12.2563848 0.211514756 14
