1687940921.24175024 9.43459415 -2.87686038 0.266710997 0
1687940921.24175024 -4.11187315 -5.57294035 0.214134797 1
1687940921.24175024 5.30805731 6.04669952 0.204289123 2
1687940921.24175024 6.40579844 -3.27706647 0.120168939 3
1687940921.24175024 9.6487875 -6.10118675 0.158071533 4
1687940921.24175024 6.50932312 11.3593321 0.19464846 5
1687940921.24175024 5.35832119 -12.2847929 0.181759611 6
1687940921.24175024 -2.62049031 -9.37057686 0.161646515 7
1687940921.24175024 10.0546188 5.97592592 0.13754037 8
1687940921.24175024 -5.12244081 16.3326874 0.219326705 9
1687940921.24175024 -6.74563742 8.77992153 0.108171828 10
1687940921.24175024 -5.4510603 -8.08068657 0.179553673 11
