1674207939.49575472 10.6352491 -6.46690845 0.344053954 0
1674207939.49575472 -0.279967993 -5.80003643 0.239254266 1
1674207939.49575472 6.99349976 -10.333456 0.250559866 2
1674207939.49575472 12.3367395 4.72256136 0.186272919 3
1674207939.49575472 7.22019053 4.73720026 0.136404276 4
1674207939.49575472 3.06062508 5.48659849 0.108265929 5
1674207939.49575472 -6.06784725 -11.5927248 0.262516439 6
1674207939.49575472 0.903212607 8.21091652 0.183809906 7
1674207939.49575472 6.37437487 15.6045666 0.285188794 8
1674207939.49575472 9.83164883 12.0166435 0.243462905 9
1674207939.49575472 2.78822231 -14.1331425 0.183327302 10
1674207939.49575472 -5.04995012 14.7715511 0.214010015 11
1674207939.49575472 -9.63080311 6.71984625 0.183143258 12
1674207939.49575472 16.2731667 5.6402874 0.224248618 13
1674207939.49575472 -8.50637054 11.0502405 0.204929873 14
1674207939.49575472 -3.25179863 22.7926178 0.259219944 15
1674207939.49575472 17.8823891 16.2100506 0.214866057 16
