1687940940.20333624 4.18967676 -6.09467745 0.273342758 0
1687940940.20333624 7.64073944 -5.43296289 0.178479657 1
1687940940.20333624 -4.29110003 8.65128708 0.185406536 2
1687940940.20333624 -1.36720848 5.61164713 0.0904075131 3
1687940940.20333624 12.4986382 -3.52302861 0.188410833 4
1687940940.20333624 8.09950352 3.32475209 0.163708434 5
1687940940.20333624 8.8572607 11.4840574 0.219674945 6
1687940940.20333624 16.2098198 3.89927721 0.24339515 7
1687940940.20333624 -0.483882278 9.51973915 0.135764718 8
1687940940.20333624 -3.74270701 -9.42129707 0.163701132 9
1687940940.20333624 0.821344495 -10.5603771 0.165779322 10
1687940940.20333624 -11.2173519 11.8699608 0.223581806 11
