1687940916.40046263 -0.157508865 5.60308743 0.212047949 0
1687940916.40046263 10.542491 -4.95805836 0.232587337 1
1687940916.40046263 2.98057795 -6.85172749 0.136692137 2
1687940916.40046263 1.47014558 10.7806959 0.191780642 3
1687940916.40046263 10.175396 3.50502253 0.170914486 4
1687940916.40046263 -6.71177197 8.57391357 0.177130207 5
1687940916.40046263 -1.71085095 -12.7655554 0.182232633 6
1687940916.40046263 1.90024495 9.65478992 0.126529619 7
1687940916.40046263 16.1903782 3.38474655 0.219522923 8
1687940916.40046263 0.208253473 9.55897617 0.0886586159 9
