1674207978.02414489 5.81277895 -8.31048679 0.308933794 0
1674207978.02414489 10.4421186 -6.57862329 0.340204 1
1674207978.02414489 5.58318853 4.07110214 0.188344404 2
1674207978.02414489 -5.4752965 -11.8435774 0.364162832 3
1674207978.02414489 8.97369289 -16.7825623 0.332627207 4
1674207978.02414489 -6.07468796 12.504076 0.279696405 5
1674207978.02414489 6.35645342 2.65524888 0.213578373 6
1674207978.02414489 15.7113295 3.49789643 0.300617844 7
1674207978.02414489 -9.33555794 8.2267971 0.164518654 8
1674207978.02414489 -6.19310808 9.5148325 0.0985977277 9
1674207978.02414489 5.38013029 -26.8326664 0.271368921 10
