1674207935.96564937 1.41621161 -6.00373459 0.253087372 0
1674207935.96564937 12.4467125 -6.74044037 0.342572421 1
1674207935.96564937 2.80729675 7.99372339 0.189696401 2
1674207935.96564937 8.66650772 -10.5444918 0.255600691 3
1674207935.96564937 8.41498566 15.4238853 0.297662824 4
1674207935.96564937 -4.3970542 -11.725462 0.269936413 5
1674207935.96564937 9.09229183 4.47854948 0.132739112 6
1674207935.96564937 14.2677145 4.42374086 0.179524407 7
1674207935.96564937 4.97723866 5.27248526 0.115979262 8
1674207935.96564937 -7.73931313 6.66805887 0.178965762 9
1674207935.96564937 -6.62749863 10.958952 0.214414448 10
1674207935.96564937 -3.05009651 14.7675724 0.242291763 11
1674207935.96564937 -2.56615281 -17.6649837 0.307883739 12
1674207935.96564937 4.35904551 -14.3022976 0.147311062 13
1674207935.96564937 11.7704887 11.7183609 0.225871176 14
1674207935.96564937 3.33116293 10.9929857 0.152645305 15
1674207935.96564937 19.9025192 15.883132 0.248663694 16
