1.67421e+09 5.50546 -6.80523 0.342476
1.67421e+09 6.29195 -7.77741 0.391401
1.67421e+09 6.40431 -7.91629 0.39839
1.67421e+09 6.42036 -7.93613 0.399389
1.67421e+09 1.42739 6.47979 0.274149
1.67421e+09 1.60556 7.28675 0.307024
1.67421e+09 1.61075 7.28025 0.304068
1.67421e+09 1.59592 7.18803 0.294759
1.67421e+09 1.58034 7.11812 0.290114
1.67421e+09 8.37394 -12.6454 0.312463
1.67421e+09 9.57022 -14.4518 0.3571
1.67421e+09 9.55431 -14.4572 0.367758
1.67421e+09 9.55233 -14.4579 0.36909
1.67421e+09 9.4454 -14.2553 0.359708
1.67421e+09 10.2685 8.3663 0.301298
1.67421e+09 11.5429 9.41465 0.339404
1.67421e+09 11.5407 9.42239 0.336583
1.67421e+09 11.4144 9.3235 0.329214
1.67421e+09 11.2881 9.23129 0.323848
1.67421e+09 11.2766 9.22291 0.32336
1.67421e+09 11.1736 9.138 0.30685
1.67421e+09 -2.65717 8.68427 0.21639
1.67421e+09 -3.00062 9.81061 0.246642
1.67421e+09 1.33412 11.6923 0.274728
1.67421e+09 1.4816 13.1607 0.304435
1.67421e+09 1.48047 13.1587 0.302331
1.67421e+09 1.44473 13.0184 0.296935
1.67421e+09 9.36527 13.2686 0.248488
1.67421e+09 10.5395 14.9241 0.276929
1.67421e+09 10.5439 14.9211 0.27366
1.67421e+09 10.4411 14.7546 0.270382
1.67421e+09 10.3425 14.6003 0.265152
1.67421e+09 10.2665 14.4724 0.260125
1.67421e+09 2.36271 -10.9275 0.184822
1.67421e+09 2.70024 -12.4886 0.211225
1.67421e+09 2.71234 -12.5077 0.217611
1.67421e+09 2.68015 -12.3212 0.213417
1.67421e+09 2.67657 -12.3004 0.212951
1.67421e+09 2.68378 -12.1663 0.20441
1.67421e+09 -6.09251 -11.3059 0.235214
1.67421e+09 -6.83913 -12.7316 0.268777
1.67421e+09 -6.80186 -12.7383 0.256551
1.67421e+09 -12.9625 6.5226 0.281264
1.67421e+09 -14.5265 7.33807 0.30477
1.67421e+09 21.7942 8.86574 0.33748
1.67421e+09 24.9076 10.1323 0.385691
1.67421e+09 24.9071 10.1277 0.369948
1.67421e+09 24.5885 9.9842 0.352834
1.67421e+09 17.6508 8.2531 0.184324
1.67421e+09 19.8245 9.26415 0.228671
1.67421e+09 19.8114 9.25913 0.226747
1.67421e+09 19.5856 9.15932 0.216842
1.67421e+09 19.4362 9.06432 0.221729
1.67421e+09 6.79664 -13.0193 0.143363
1.67421e+09 7.61042 -14.6542 0.16167
1.67421e+09 7.64132 -14.6546 0.158251
1.67421e+09 7.64476 -14.6546 0.157871
1.67421e+09 7.59932 -14.461 0.155243
