1687940924.0658164 -1.57553351 -5.80617523 0.231529802 0
1687940924.0658164 1.75171196 8.05007744 0.227735981 1
1687940924.0658164 12.1663179 -3.97942066 0.250942498 2
1687940924.0658164 8.58116531 5.17938232 0.189661846 3
1687940924.0658164 -3.23214531 8.7126379 0.160352811 4
1687940924.0658164 9.14953518 -4.17700815 0.125121012 5
1687940924.0658164 -1.13477957 16.1111088 0.218638703 6
1687940924.0658164 12.2288218 -7.27827787 0.139586151 7
1687940924.0658164 -3.02606058 -8.16749382 0.113011323 8
1687940924.0658164 7.49731588 -13.0321102 0.162632957 9
1687940924.0658164 -0.304221421 -9.66376209 0.137204289 10
