1674207956.03670454 -5.79298067 5.47775126 0.272463709 0
1674207956.03670454 13.8085794 5.63642836 0.336372733 1
1674207956.03670454 8.30672646 5.29558229 0.207105711 2
1674207956.03670454 13.5958805 -10.8267918 0.285866141 3
1674207956.03670454 13.6593075 11.0772686 0.207454637 4
1674207956.03670454 -0.61773926 6.98873758 0.132314324 5
1674207956.03670454 0.703486323 16.6322823 0.235833317 6
1674207956.03670454 0.319544107 -14.7011585 0.189489156 7
1674207956.03670454 4.56788015 -24.3746681 0.241371825 8
1674207956.03670454 -7.39974785 -8.05797195 0.0993705913 9
1674207956.03670454 21.6851196 -11.8715944 0.283732563 10
1674207956.03670454 -7.79716492 20.3077812 0.316241354 11
1674207956.03670454 9.79968548 22.4812183 0.236535132 12
1674207956.03670454 17.5835037 23.3622513 0.259069592 13
