1674207943.53009701 2.2205081 -5.8028307 0.329185665 0
1674207943.53009701 3.81396699 5.46701431 0.200465992 1
1674207943.53009701 7.68027449 -8.56655884 0.331979662 2
1674207943.53009701 7.83346701 6.49419212 0.202020526 3
1674207943.53009701 -1.3866334 -9.72735214 0.264020264 4
1674207943.53009701 -1.24638605 5.43660641 0.147446811 5
1674207943.53009701 19.3060436 -8.6887331 0.330290735 6
1674207943.53009701 -8.76914978 -5.25764561 0.217916995 7
1674207943.53009701 11.8258362 11.6409636 0.255152017 8
1674207943.53009701 1.21454489 12.6842251 0.244990662 9
1674207943.53009701 19.4691391 3.53488636 0.26251021 10
1674207943.53009701 -2.29363799 16.2365456 0.294835329 11
1674207943.53009701 3.92663741 7.25934601 0.130206957 12
1674207943.53009701 13.0535669 -12.1714382 0.176171288 13
1674207943.53009701 -12.525238 -17.2192192 0.287472844 14
1674207943.53009701 9.84120274 -17.9816093 0.274253458 15
1674207943.53009701 -5.42801523 6.09327221 0.122934103 16
1674207943.53009701 -14.4174223 -11.2579641 0.26229465 17
1674207943.53009701 16.7135544 -8.74355221 0.228148028 18
1674207943.53009701 26.4529476 3.86550832 0.280445307 19
1674207943.53009701 -5.53113317 -13.5643482 0.154537484 20
1674207943.53009701 19.1135864 11.5011663 0.250555277 21
1674207943.53009701 13.3144102 5.98934555 0.119035333 22
