1674207939.19317317 11.0044765 -6.53161335 0.347091585 0
1674207939.19317317 0.0906318873 -5.82604599 0.237831429 1
1674207939.19317317 7.35414791 -10.3786554 0.251236081 2
1674207939.19317317 7.57875156 4.67696476 0.139994591 3
1674207939.19317317 12.7647743 4.6748333 0.216330588 4
1674207939.19317317 3.45753956 5.42583132 0.11665456 5
1674207939.19317317 -5.71798658 -11.6522417 0.261268377 6
1674207939.19317317 6.82318592 15.5778704 0.283436954 7
1674207939.19317317 1.34564841 8.18999386 0.183877081 8
1674207939.19317317 -9.21907139 6.66399431 0.191681698 9
1674207939.19317317 -3.86266589 -17.6341972 0.315445602 10
1674207939.19317317 -4.65692949 14.7757921 0.239939526 11
1674207939.19317317 3.13707781 -14.1690111 0.179325864 12
1674207939.19317317 11.62708 -9.74172974 0.0965364575 13
