1.67421e+09 -4.50598 -5.38969 0.29011
1.67421e+09 -5.07933 -6.06186 0.333
1.67421e+09 -5.09005 -6.05695 0.328028
1.67421e+09 -5.05371 -5.99568 0.330613
1.67421e+09 -5.01058 -5.93562 0.331884
1.67421e+09 5.49221 4.84121 0.268173
1.67421e+09 6.18453 5.44629 0.300953
1.67421e+09 6.19777 5.4439 0.29879
1.67421e+09 6.1399 5.37843 0.292737
1.67421e+09 6.08841 5.31933 0.288368
1.67421e+09 6.04902 5.26984 0.284721
1.67421e+09 6.01134 5.23218 0.281943
1.67421e+09 5.98252 5.19802 0.278814
1.67421e+09 5.96152 5.16848 0.276463
1.67421e+09 5.94385 5.14145 0.273474
1.67421e+09 -9.54315 -7.67677 0.335507
1.67421e+09 -10.7496 -8.63393 0.373618
1.67421e+09 -10.7545 -8.6302 0.368046
1.67421e+09 -10.755 -8.62978 0.367427
1.67421e+09 9.66239 -7.52863 0.29183
1.67421e+09 11.0427 -8.60415 0.33352
1.67421e+09 11.0111 -8.60267 0.335868
1.67421e+09 10.8763 -8.47608 0.318544
1.67421e+09 4.91643 -8.76057 0.154002
1.67421e+09 5.54482 -9.85209 0.16831
1.67421e+09 5.56604 -9.85988 0.165973
1.67421e+09 5.5208 -9.76391 0.165008
1.67421e+09 5.48326 -9.66717 0.160299
1.67421e+09 5.45591 -9.58803 0.157648
1.67421e+09 5.43285 -9.51881 0.152477
1.67421e+09 5.42216 -9.45922 0.151668
1.67421e+09 5.41383 -9.40925 0.152977
1.67421e+09 10.5346 6.67253 0.173524
1.67421e+09 11.8433 7.50422 0.18949
1.67421e+09 11.8456 7.5022 0.182959
1.67421e+09 11.7298 7.41888 0.176988
1.67421e+09 11.6441 7.3324 0.170688
1.67421e+09 11.5628 7.26863 0.16879
1.67421e+09 11.513 7.21221 0.168162
1.67421e+09 11.4564 7.16573 0.165719
1.67421e+09 11.4184 7.13438 0.173924
1.67421e+09 11.3912 7.09302 0.1698
1.67421e+09 7.26038 -8.4014 0.110763
1.67421e+09 8.1568 -9.45465 0.117183
1.67421e+09 8.18543 -9.43576 0.11401
1.67421e+09 -8.70834 4.42248 0.246315
1.67421e+09 4.54448 6.56444 0.0939126
1.67421e+09 5.1148 7.38463 0.10134
1.67421e+09 5.12661 7.39624 0.10018
1.67421e+09 5.08284 7.33606 0.0993517
1.67421e+09 5.04518 7.28279 0.0985041
1.67421e+09 5.00779 7.22248 0.0940748
1.67421e+09 4.97567 7.17468 0.0916206
1.67421e+09 4.94896 7.13807 0.0918001
1.67421e+09 4.92743 7.10717 0.0906351
1.67421e+09 4.90989 7.08099 0.0894602
1.67421e+09 25.1879 6.22179 0.3091
1.67421e+09 28.3251 6.99726 0.346217
1.67421e+09 28.7173 7.0942 0.350856
1.67421e+09 28.3563 7.00053 0.347696
1.67421e+09 -8.55041 12.5277 0.239275
1.67421e+09 -9.64776 14.0946 0.283897
1.67421e+09 -6.0908 -10.2861 0.163124
1.67421e+09 -6.85287 -11.5635 0.177271
1.67421e+09 -6.8454 -11.5694 0.19074
1.67421e+09 5.70602 -28.182 0.326111
1.67421e+09 6.3536 -31.7081 0.372063
1.67421e+09 6.3065 -31.7087 0.369491
1.67421e+09 6.12025 7.10047 0.0895317
1.67421e+09 6.86143 7.96619 0.0964471
1.67421e+09 6.86329 7.96796 0.094743
1.67421e+09 6.80322 7.88652 0.0923484
1.67421e+09 19.7178 5.5478 0.206075
1.67421e+09 11.2055 22.9157 0.275714
1.67421e+09 12.6299 25.7735 0.303879
1.67421e+09 12.6623 25.7641 0.294793
1.67421e+09 -3.74736 -18.4152 0.242995
1.67421e+09 -15.8145 13.128 0.29884
1.67421e+09 0.565485 24.1938 0.202768
1.67421e+09 -15.7497 -10.8504 0.202015
