1.67421e+09 3.00558 7.89342 0.282478
1.67421e+09 7.27512 -8.28792 0.233431
1.67421e+09 8.39496 -11.5311 0.271867
1.67421e+09 16.3799 -6.1067 0.29699
1.67421e+09 -4.31746 8.65958 0.197999
1.67421e+09 -8.28945 -11.8506 0.300532
1.67421e+09 -1.14593 11.8274 0.255195
1.67421e+09 10.5286 15.6539 0.299877
1.67421e+09 -11.2518 10.8466 0.270896
1.67421e+09 -3.12989 -6.26208 0.179791
1.67421e+09 15.3106 2.6018 0.225863
1.67421e+09 -9.47653 -6.20274 0.222281
1.67421e+09 24.5702 -13.8124 0.345654
1.67421e+09 -4.66095 21.8332 0.260412
