1674207084.60852933 2.51268578 -8.26432896 0.246913344 0
1674207084.60852933 12.6376753 -6.69647026 0.376257002 1
1674207084.60852933 7.88962698 5.15237761 0.210819915 2
1674207084.60852933 5.7852149 -14.9465103 0.298092633 3
1674207084.60852933 3.17498302 -20.795435 0.244965136 4
1674207084.60852933 17.8406334 6.07099581 0.168668389 5
1674207084.60852933 7.64223385 6.12277031 0.104855329 6
1674207084.60852933 14.3243208 -23.3252888 0.228609145 7
1674207084.60852933 -1.37571716 -9.45604229 0.107105896 8
1674207084.60852933 23.985508 3.91315031 0.165542841 9
