1687940942.82566977 5.3269186 -2.64059138 0.241696462 0
1687940942.82566977 6.80868006 3.93215203 0.179383919 1
1687940942.82566977 1.32473135 5.93802929 0.0888030604 2
1687940942.82566977 11.3360567 -4.31043863 0.187665418 3
1687940942.82566977 15.9606638 -2.0659678 0.203634351 4
1687940942.82566977 0.261265695 -9.20274925 0.163389683 5
1687940942.82566977 1.84382761 9.93130684 0.144237876 6
1687940942.82566977 -4.92376089 -9.47340679 0.143237472 7
1687940942.82566977 -9.09200478 11.4126272 0.279465914 8
1687940942.82566977 -1.82117331 8.77301502 0.160014302 9
1687940942.82566977 7.7482419 -5.36135197 0.181972504 10
1687940942.82566977 -10.9228907 -12.4247618 0.172579348 11
1687940942.82566977 11.0772142 12.5907688 0.2231002 12
