1.67421e+09 3.90809 -7.92848 0.312755
1.67421e+09 4.35121 -8.96563 0.350627
1.67421e+09 4.31539 -8.99907 0.348496
1.67421e+09 4.24621 -8.91687 0.341626
1.67421e+09 4.19037 -8.83866 0.336692
1.67421e+09 4.16487 -8.74725 0.330786
1.67421e+09 4.12115 -8.69605 0.326962
1.67421e+09 4.07314 -8.66231 0.320847
1.67421e+09 8.39479 -6.16174 0.352953
1.67421e+09 9.59404 -7.04199 0.403375
1.67421e+09 9.59574 -7.01812 0.385188
1.67421e+09 9.59596 -7.01514 0.382915
1.67421e+09 13.5408 4.00597 0.312762
1.67421e+09 15.2281 4.49996 0.344207
1.67421e+09 15.2331 4.48801 0.341773
1.67421e+09 15.0495 4.43672 0.328817
1.67421e+09 14.9064 4.3802 0.326028
1.67421e+09 14.7676 4.33282 0.314158
1.67421e+09 5.31702 10.4119 0.254918
1.67421e+09 6.01382 11.7101 0.27937
1.67421e+09 6.05392 11.7305 0.288821
1.67421e+09 5.99136 11.5731 0.293088
1.67421e+09 5.96444 11.4763 0.301827
1.67421e+09 7.00243 -16.486 0.321458
1.67421e+09 7.88313 -18.5575 0.367575
1.67421e+09 7.99322 -18.8165 0.37334
1.67421e+09 3.77456 8.2795 0.160961
1.67421e+09 4.25301 9.32739 0.18628
1.67421e+09 4.2658 9.31107 0.187275
1.67421e+09 4.19682 9.17434 0.190662
1.67421e+09 4.15912 9.07641 0.179179
1.67421e+09 4.1447 9.00625 0.169848
1.67421e+09 4.13385 8.96188 0.170292
1.67421e+09 4.13865 8.9061 0.168022
1.67421e+09 -11.6117 8.27537 0.171011
1.67421e+09 -13.0274 9.31941 0.179856
1.67421e+09 3.54981 -18.1887 0.156325
1.67421e+09 -5.55491 -13.4956 0.129717
