1687940941.2119379 -3.31495547 8.71190357 0.195936039 0
1687940941.2119379 9.2117033 -4.94476318 0.17458193 1
1687940941.2119379 -0.304811567 5.72891283 0.0979649276 2
1687940941.2119379 5.50081635 -5.93025017 0.153037235 3
1687940941.2119379 13.9467487 -2.9108603 0.183866844 4
1687940941.2119379 9.19024467 3.68298626 0.148594394 5
1687940941.2119379 0.464412808 9.70743179 0.138935775 6
1687940941.2119379 -2.71821642 -7.76892853 0.128544092 7
1687940941.2119379 2.55751848 -10.347003 0.123211265 8
1687940941.2119379 2.27603459 16.0672703 0.215373248 9
1687940941.2119379 -7.44382048 -9.30608654 0.137386128 10
