1.67421e+09 8.27103 3.98083 0.317407
1.67421e+09 9.30275 4.48062 0.353543
1.67421e+09 9.29406 4.48534 0.350008
1.67421e+09 9.19184 4.44259 0.349534
1.67421e+09 9.09352 4.40427 0.347844
1.67421e+09 9.00521 4.37452 0.342321
1.67421e+09 8.92212 4.33783 0.332367
1.67421e+09 -1.95511 -7.91994 0.310303
1.67421e+09 -2.20667 -8.91733 0.346433
1.67421e+09 -2.1998 -8.90669 0.345732
1.67421e+09 9.59618 10.1546 0.2773
1.67421e+09 10.7754 11.4328 0.303898
1.67421e+09 10.7546 11.449 0.301508
1.67421e+09 10.7523 11.4508 0.301243
1.67421e+09 10.6144 11.3279 0.288866
1.67421e+09 10.4875 11.2132 0.278274
1.67421e+09 0.211849 10.6132 0.226416
1.67421e+09 21.0367 -9.52874 0.263949
1.67421e+09 23.6908 -10.7019 0.299786
1.67421e+09 23.7108 -10.6581 0.288207
1.67421e+09 15.026 5.6062 0.17126
1.67421e+09 16.9042 6.30579 0.193465
1.67421e+09 16.8991 6.30234 0.193011
