1.67421e+09 1.32656 -5.96117 0.25196
1.67421e+09 1.4761 -6.7255 0.28297
1.67421e+09 1.46229 -6.73804 0.282557
1.67421e+09 1.43762 -6.6687 0.278774
1.67421e+09 1.42338 -6.6007 0.2752
1.67421e+09 1.42386 -6.53024 0.2719
1.67421e+09 1.42873 -6.4666 0.268416
1.67421e+09 1.41245 -6.43535 0.266241
1.67421e+09 1.39706 -6.40905 0.264314
1.67421e+09 1.38891 -6.38129 0.261888
1.67421e+09 12.2298 -6.78937 0.364924
1.67421e+09 13.7898 -7.62181 0.406002
1.67421e+09 13.8133 -7.61721 0.406366
1.67421e+09 13.6837 -7.51668 0.395464
1.67421e+09 13.5688 -7.42277 0.386392
1.67421e+09 13.4798 -7.34222 0.377934
1.67421e+09 13.3682 -7.29043 0.377594
1.67421e+09 13.3095 -7.23258 0.369224
1.67421e+09 13.3053 -7.22844 0.368626
1.67421e+09 2.60759 7.96836 0.181074
1.67421e+09 2.94103 8.97407 0.209066
1.67421e+09 2.9571 8.99086 0.210415
1.67421e+09 2.94392 8.90482 0.205074
1.67421e+09 2.90305 8.80581 0.201213
1.67421e+09 2.86978 8.72634 0.199524
1.67421e+09 2.84548 8.65872 0.19513
1.67421e+09 2.84361 8.65352 0.194792
1.67421e+09 2.84264 8.60892 0.188601
1.67421e+09 2.83173 8.57806 0.195454
1.67421e+09 8.47916 -10.5642 0.262695
1.67421e+09 9.55388 -11.8807 0.292099
1.67421e+09 9.5722 -11.8748 0.289239
1.67421e+09 9.48549 -11.7373 0.283377
1.67421e+09 9.41672 -11.6066 0.280038
1.67421e+09 9.36176 -11.4939 0.273288
1.67421e+09 9.26923 -11.409 0.271753
1.67421e+09 9.18864 -11.337 0.265633
1.67421e+09 9.12556 -11.2824 0.265922
1.67421e+09 9.02947 4.47205 0.172706
1.67421e+09 10.154 5.03483 0.190543
1.67421e+09 10.1265 5.00032 0.213466
1.67421e+09 9.9924 4.95309 0.207398
1.67421e+09 9.87453 4.91111 0.197879
1.67421e+09 9.78433 4.87294 0.189002
1.67421e+09 9.71831 4.83821 0.182275
1.67421e+09 9.6414 4.8165 0.178452
1.67421e+09 9.59688 4.7914 0.173621
1.67421e+09 9.5702 4.77055 0.168701
1.67421e+09 8.28232 15.4695 0.309784
1.67421e+09 9.30623 17.3914 0.34218
1.67421e+09 9.30185 17.3809 0.336925
1.67421e+09 9.18112 17.1714 0.330408
1.67421e+09 -4.47215 -11.6504 0.263747
1.67421e+09 -5.04402 -13.1341 0.297914
1.67421e+09 -5.05715 -13.1535 0.299215
1.67421e+09 14.2197 4.50577 0.21487
1.67421e+09 15.9575 5.05267 0.235765
1.67421e+09 15.9473 5.04504 0.229102
1.67421e+09 15.7739 4.99063 0.222448
1.67421e+09 15.5995 4.93017 0.216874
1.67421e+09 15.4578 4.88254 0.21441
1.67421e+09 15.3484 4.8478 0.20991
1.67421e+09 15.2723 4.81323 0.204883
1.67421e+09 4.75011 5.28195 0.174522
1.67421e+09 5.34486 5.94509 0.185075
1.67421e+09 5.36708 5.94451 0.175557
1.67421e+09 5.31719 5.8987 0.188261
1.67421e+09 5.28324 5.84008 0.182341
1.67421e+09 5.25968 5.79383 0.179115
1.67421e+09 5.246 5.7471 0.171378
1.67421e+09 5.23854 5.7209 0.177091
1.67421e+09 -6.81379 10.8562 0.194302
1.67421e+09 -7.66189 12.2248 0.219998
1.67421e+09 -7.6435 12.2621 0.221483
1.67421e+09 -7.52818 12.1603 0.213466
1.67421e+09 11.5588 11.7103 0.257155
1.67421e+09 13.0375 13.1939 0.279589
1.67421e+09 13.0736 13.2108 0.285748
1.67421e+09 12.9348 13.0704 0.280412
1.67421e+09 12.8272 12.9602 0.277991
1.67421e+09 -7.83545 6.69196 0.17846
1.67421e+09 -8.83471 7.51502 0.195577
1.67421e+09 4.22551 -14.3045 0.14561
1.67421e+09 4.77034 -16.0928 0.173136
1.67421e+09 4.76791 -16.0969 0.171811
1.67421e+09 4.75611 -15.8964 0.16782
1.67421e+09 4.68302 -15.7498 0.168532
1.67421e+09 -3.18059 14.7054 0.260561
1.67421e+09 -3.63496 16.8061 0.297783
1.67421e+09 -20.9088 -13.6962 0.251027
1.67421e+09 -23.4768 -15.3843 0.279416
