1.67421e+09 11.6484 -10.8409 0.308269
1.67421e+09 6.44742 5.26961 0.229975
1.67421e+09 7.2326 5.91336 0.253415
1.67421e+09 7.22585 5.90688 0.254273
1.67421e+09 7.15887 5.85071 0.247659
1.67421e+09 7.10864 5.8078 0.242475
1.67421e+09 7.05685 5.76533 0.236043
1.67421e+09 7.01134 5.72746 0.230344
1.67421e+09 6.97672 5.6971 0.225859
1.67421e+09 6.95064 5.6732 0.22175
1.67421e+09 6.92958 5.65472 0.218808
1.67421e+09 12.036 5.61088 0.316549
1.67421e+09 13.5216 6.29387 0.352573
1.67421e+09 13.5217 6.29283 0.358715
1.67421e+09 13.3781 6.23763 0.354685
1.67421e+09 13.2343 6.16572 0.350144
1.67421e+09 13.0942 6.11536 0.346463
1.67421e+09 11.7525 10.9727 0.230157
1.67421e+09 13.2437 12.3556 0.254088
1.67421e+09 13.2713 12.3678 0.251044
1.67421e+09 13.1362 12.2378 0.244001
1.67421e+09 13.0244 12.1229 0.238814
1.67421e+09 12.9353 12.0268 0.232132
1.67421e+09 12.8664 11.952 0.229193
1.67421e+09 12.8121 11.89 0.22453
1.67421e+09 -2.44782 7.07171 0.152466
1.67421e+09 -2.74654 7.95713 0.171184
1.67421e+09 -2.74982 7.96266 0.186216
1.67421e+09 -2.7071 7.87423 0.183987
1.67421e+09 -1.00855 16.7413 0.283757
1.67421e+09 -1.12469 18.8298 0.311774
1.67421e+09 -1.11357 18.8235 0.301385
1.67421e+09 -1.11234 18.5972 0.287673
1.67421e+09 6.36754 -19.6597 0.303047
1.67421e+09 19.5429 -11.9153 0.254731
1.67421e+09 -1.60972 -14.7014 0.240863
1.67421e+09 8.03498 22.4735 0.267571
1.67421e+09 9.0597 25.2754 0.2918
1.67421e+09 9.09143 25.2787 0.287616
1.67421e+09 9.0185 25.0024 0.278522
1.67421e+09 8.95528 24.749 0.267447
1.67421e+09 2.57819 -24.3654 0.233569
1.67421e+09 2.89802 -27.4188 0.259432
1.67421e+09 2.892 -27.4245 0.257014
1.67421e+09 2.85797 -27.1011 0.250315
1.67421e+09 2.83603 -26.8179 0.252721
1.67421e+09 -0.729527 23.3262 0.240676
1.67421e+09 -9.30857 -7.93857 0.122372
1.67421e+09 -10.4556 -8.9468 0.145236
1.67421e+09 15.886 23.279 0.261912
1.67421e+09 17.8897 26.1909 0.288832
