1674207946.85856009 9.82811451 -8.46038437 0.34893319 0
1674207946.85856009 10.2063923 3.68766141 0.235683009 1
1674207946.85856009 14.5860672 -5.76525164 0.302728236 2
1674207946.85856009 -1.53349924 7.01827288 0.226880714 3
1674207946.85856009 -5.61974239 6.02219677 0.221315905 4
1674207946.85856009 7.30956602 -8.42929935 0.141470134 5
1674207946.85856009 2.82546163 12.0187588 0.24898915 6
1674207946.85856009 3.6058557 -11.8124599 0.168286711 7
1674207946.85856009 17.2604599 3.99931836 0.259818494 8
1674207946.85856009 -10.8308439 -9.10279179 0.236684307 9
1674207946.85856009 10.0786791 11.794836 0.275544703 10
1674207946.85856009 4.20383835 6.42486906 0.0984690189 11
1674207946.85856009 -8.07067204 13.266468 0.28547737 12
1674207946.85856009 -6.20153666 -8.31657124 0.114553191 13
1674207946.85856009 24.7506752 4.59765959 0.235667184 14
1674207946.85856009 -5.44878817 7.88041353 0.130739197 15
1674207946.85856009 -0.0346102789 17.5132198 0.236598447 16
