1687940913.67726183 7.26096582 -4.31730461 0.222517475 0
1687940913.67726183 -3.95688748 5.7255249 0.230390444 1
1687940913.67726183 6.31393385 4.14305639 0.195113212 2
1687940913.67726183 12.4285002 4.30099058 0.206452608 3
1687940913.67726183 0.905254781 5.44096661 0.137597591 4
1687940913.67726183 9.63374996 1.79348183 0.163626075 5
1687940913.67726183 10.1196651 -5.24742603 0.128265709 6
1687940913.67726183 -4.50338554 -12.7265158 0.165509671 7
1687940913.67726183 7.46567106 10.1085167 0.161599323 8
1687940913.67726183 12.5754175 3.17224789 0.135725364 9
1687940913.67726183 1.58576179 -15.7337952 0.138332918 10
