1.67421e+09 9.59686 -8.67445 0.311892
1.67421e+09 10.749 -9.80924 0.353464
1.67421e+09 10.7163 -9.83136 0.347575
1.67421e+09 10.5785 -9.73408 0.338298
1.67421e+09 10.4814 -9.63108 0.335916
1.67421e+09 10.4065 -9.53142 0.331185
1.67421e+09 10.3236 -9.46662 0.323571
1.67421e+09 10.2659 -9.38977 0.313607
1.67421e+09 10.2618 -9.38428 0.312895
1.67421e+09 14.2258 -7.12667 0.352984
1.67421e+09 16.0245 -7.98202 0.392192
1.67421e+09 16.2493 -8.08893 0.397093
1.67421e+09 16.2774 -8.1023 0.397706
1.67421e+09 16.0508 -7.98045 0.392179
1.67421e+09 15.8231 -7.87201 0.382969
1.67421e+09 4.27408 10.6177 0.259083
1.67421e+09 4.80366 11.9402 0.301781
1.67421e+09 4.79246 11.9329 0.305424
1.67421e+09 4.73161 11.7945 0.30125
1.67421e+09 4.70393 11.684 0.294671
1.67421e+09 4.65786 11.5811 0.293765
1.67421e+09 4.6337 11.5027 0.289992
1.67421e+09 -5.38744 7.98197 0.191975
1.67421e+09 -6.06581 8.97266 0.21368
1.67421e+09 -6.06741 8.96565 0.210771
1.67421e+09 -5.99285 8.86487 0.203286
1.67421e+09 -5.92794 8.78279 0.20227
1.67421e+09 -5.87681 8.70548 0.196582
1.67421e+09 -5.83244 8.63852 0.188716
1.67421e+09 12.6213 -17.2615 0.340316
1.67421e+09 14.1556 -19.4411 0.379198
1.67421e+09 14.1877 -19.4188 0.366466
1.67421e+09 13.9851 -19.2304 0.365847
1.67421e+09 13.7944 -19.0335 0.350209
1.67421e+09 -2.03644 12.2 0.27819
1.67421e+09 -2.27577 13.7457 0.311348
1.67421e+09 -2.25648 13.7718 0.30975
1.67421e+09 -2.23609 13.6117 0.306123
1.67421e+09 -9.56517 -4.11785 0.24847
1.67421e+09 -10.7888 -4.68372 0.275695
1.67421e+09 9.44108 3.62966 0.211873
1.67421e+09 10.6459 4.07697 0.254726
1.67421e+09 10.6381 4.08305 0.243825
1.67421e+09 10.5404 4.03804 0.240103
1.67421e+09 10.4535 3.99515 0.239097
1.67421e+09 10.3586 3.95636 0.22447
1.67421e+09 8.73172 -27.29 0.249182
1.67421e+09 -8.79061 -15.9548 0.241833
1.67421e+09 -10.0464 -18.234 0.27638
1.67421e+09 -10.3073 4.81185 0.18481
1.67421e+09 -14.6892 18.1667 0.26756
1.67421e+09 -16.5185 20.4647 0.296782
1.67421e+09 -2.03347 9.1957 0.142393
1.67421e+09 -2.26482 10.3607 0.162042
1.67421e+09 -2.24732 10.3687 0.152655
