1674207971.87168002 9.22404385 -5.29399967 0.318802863 0
1674207971.87168002 7.99692202 3.44119978 0.230117947 1
1674207971.87168002 -4.89496946 8.46900558 0.306721509 2
1674207971.87168002 0.141716793 -7.64878941 0.264639825 3
1674207971.87168002 1.2722646 -10.826786 0.247017488 4
1674207971.87168002 15.5123568 11.4525509 0.242698297 5
1674207971.87168002 10.8206758 -17.2180538 0.282938063 6
1674207971.87168002 -8.79464722 12.2580757 0.279491931 7
1674207971.87168002 21.7363091 3.93309522 0.239671662 8
1674207971.87168002 2.36636686 16.4270668 0.292109191 9
1674207971.87168002 -1.90289199 22.7097206 0.309939593 10
1674207971.87168002 -11.8026848 9.02362061 0.179799318 11
1674207971.87168002 10.9221716 5.27440977 0.155045062 12
