1.67421e+09 1.33867 -8.37155 0.351424
1.67421e+09 1.50831 -9.40743 0.388026
1.67421e+09 1.52642 -9.39219 0.373367
1.67421e+09 1.50284 -9.29147 0.37259
1.67421e+09 1.50048 -9.28139 0.372512
1.67421e+09 1.46923 -9.19858 0.371854
1.67421e+09 1.4455 -9.11378 0.362898
1.67421e+09 8.80542 3.84434 0.27414
1.67421e+09 9.90769 4.32638 0.303937
1.67421e+09 9.90903 4.32804 0.299174
1.67421e+09 9.80376 4.27941 0.292484
1.67421e+09 9.70954 4.23876 0.285171
1.67421e+09 9.63536 4.20899 0.279683
1.67421e+09 9.5575 4.17525 0.282042
1.67421e+09 9.483 4.14536 0.275088
1.67421e+09 9.42626 4.12279 0.276804
1.67421e+09 9.37604 4.10273 0.276448
1.67421e+09 -10.1509 -7.6299 0.259393
1.67421e+09 -11.601 -8.71988 0.296449
1.67421e+09 -11.5419 -8.69542 0.295114
1.67421e+09 16.0846 4.36899 0.262111
1.67421e+09 18.1223 4.90624 0.292658
1.67421e+09 18.128 4.90238 0.289634
1.67421e+09 17.9465 4.83854 0.28263
1.67421e+09 17.7865 4.77997 0.277815
1.67421e+09 17.6593 4.73186 0.273417
1.67421e+09 17.5553 4.69073 0.267648
1.67421e+09 17.4769 4.65703 0.267353
1.67421e+09 17.4087 4.62665 0.261785
1.67421e+09 4.6667 -10.8891 0.179227
1.67421e+09 5.24365 -12.2529 0.199553
1.67421e+09 5.24164 -12.2539 0.196442
1.67421e+09 5.24142 -12.254 0.196097
1.67421e+09 5.22738 -12.1222 0.200268
1.67421e+09 5.19701 -11.9626 0.20635
1.67421e+09 5.16253 -11.8594 0.198561
1.67421e+09 -5.35467 12.4181 0.288422
1.67421e+09 -6.01385 13.9565 0.322355
1.67421e+09 -6.00647 13.9438 0.318542
1.67421e+09 -5.94102 13.7839 0.309663
1.67421e+09 20.7506 -7.94627 0.327225
1.67421e+09 23.4015 -8.94001 0.361523
1.67421e+09 23.4694 -8.92772 0.356641
1.67421e+09 23.2493 -8.82257 0.352043
1.67421e+09 23.0695 -8.73522 0.354312
1.67421e+09 23.0532 -8.72728 0.354518
1.67421e+09 -4.02949 6.71057 0.112498
1.67421e+09 -4.51698 7.53202 0.13163
1.67421e+09 -4.51196 7.53836 0.12679
1.67421e+09 -4.44329 7.42224 0.151873
1.67421e+09 -4.38697 7.31477 0.171074
1.67421e+09 -4.35107 7.26397 0.17219
1.67421e+09 -1.1406 -8.30927 0.166699
1.67421e+09 4.89665 15.3462 0.22801
1.67421e+09 5.49556 17.2537 0.252521
1.67421e+09 5.51161 17.2669 0.249833
1.67421e+09 -9.45041 7.3981 0.193427
1.67421e+09 -10.6626 8.31388 0.220545
1.67421e+09 -4.852 -11.5719 0.158158
1.67421e+09 -5.4307 -13.0093 0.169412
1.67421e+09 -5.4463 -13.0027 0.166108
1.67421e+09 -5.40796 -12.8527 0.16911
1.67421e+09 0.759244 5.37802 0.100342
1.67421e+09 0.871446 6.02086 0.111881
1.67421e+09 16.0971 -9.24146 0.149118
1.67421e+09 18.1406 -10.4054 0.167858
1.67421e+09 18.1833 -10.405 0.170706
1.67421e+09 18.0221 -10.2853 0.166032
1.67421e+09 17.8913 -10.1771 0.169793
1.67421e+09 21.9756 15.8258 0.26222
1.67421e+09 24.7443 17.7839 0.288798
