1.67421e+09 6.34069 4.285 0.296236
1.67421e+09 7.12046 4.81916 0.327383
1.67421e+09 7.11429 4.82241 0.322383
1.67421e+09 7.04021 4.78547 0.324686
1.67421e+09 6.9591 4.73459 0.317297
1.67421e+09 6.91642 4.70844 0.32345
1.67421e+09 6.87137 4.68709 0.317941
1.67421e+09 6.83225 4.66302 0.308638
1.67421e+09 1.70872 -12.2468 0.321035
1.67421e+09 1.92427 -13.7175 0.352697
1.67421e+09 1.92632 -13.7085 0.342443
1.67421e+09 1.90064 -13.5382 0.333034
1.67421e+09 1.89807 -13.5212 0.332093
1.67421e+09 1.89781 -13.5195 0.331999
1.67421e+09 1.8785 -13.3675 0.318697
1.67421e+09 1.86256 -13.2436 0.306854
1.67421e+09 1.83444 -13.151 0.295184
1.67421e+09 -6.40938 -4.42641 0.304907
1.67421e+09 -7.22263 -5.00392 0.340899
1.67421e+09 12.7902 -8.69281 0.299286
1.67421e+09 14.3419 -9.83739 0.344098
1.67421e+09 14.3126 -9.86 0.339391
1.67421e+09 14.1382 -9.76117 0.331057
1.67421e+09 14.0021 -9.64207 0.323294
1.67421e+09 13.8945 -9.54312 0.31677
1.67421e+09 13.7901 -9.4787 0.310879
1.67421e+09 13.782 -9.47375 0.310425
1.67421e+09 7.19176 10.4839 0.280943
1.67421e+09 8.09091 11.7946 0.315356
1.67421e+09 8.09264 11.7952 0.310909
1.67421e+09 8.00728 11.6685 0.303358
1.67421e+09 7.93259 11.5548 0.296494
1.67421e+09 7.87946 11.4652 0.291042
1.67421e+09 7.84219 11.3937 0.286753
1.67421e+09 7.80837 11.333 0.282134
1.67421e+09 7.77301 11.2823 0.282912
1.67421e+09 -7.2998 4.54245 0.205777
1.67421e+09 -8.19731 5.10311 0.225486
1.67421e+09 -8.21165 5.12418 0.241825
1.67421e+09 -8.12793 5.07938 0.237898
1.67421e+09 -2.37493 7.8448 0.215056
1.67421e+09 -2.67053 8.82302 0.238931
1.67421e+09 -2.66215 8.82348 0.232675
1.67421e+09 -2.63188 8.71121 0.223499
1.67421e+09 0.928016 12.0591 0.257492
1.67421e+09 1.05769 13.6025 0.300034
1.67421e+09 1.05023 13.5841 0.29225
1.67421e+09 1.02881 13.4108 0.283994
1.67421e+09 15.9459 -17.2183 0.307142
1.67421e+09 18.2238 -19.678 0.351019
1.67421e+09 3.11865 -14.1459 0.166919
1.67421e+09 3.51328 -15.9085 0.176681
1.67421e+09 3.53465 -15.9173 0.181376
1.67421e+09 3.53703 -15.9183 0.181898
1.67421e+09 -4.12076 6.25342 0.116055
1.67421e+09 -4.6111 7.05454 0.137905
1.67421e+09 -5.37247 -16.2049 0.249918
1.67421e+09 -6.07891 -18.2405 0.280526
1.67421e+09 0.9777 9.09916 0.0930155
1.67421e+09 12.6424 22.3165 0.25425
1.67421e+09 14.2401 25.1171 0.27473
