1.67421e+09 9.51081 -8.45164 0.350375
1.67421e+09 -7.44479 -5.25582 0.313679
1.67421e+09 9.91178 3.69566 0.238817
1.67421e+09 14.3924 -5.81309 0.312464
1.67421e+09 -1.83637 7.05448 0.237565
1.67421e+09 -5.9219 6.03943 0.216735
1.67421e+09 7.03083 -8.51595 0.170046
1.67421e+09 3.2762 -11.7907 0.167505
1.67421e+09 16.9762 4.01242 0.251195
1.67421e+09 -11.1489 -9.08173 0.248428
1.67421e+09 9.82893 11.8189 0.267991
1.67421e+09 3.88751 6.38104 0.107665
1.67421e+09 -8.40039 13.2959 0.290049
1.67421e+09 24.4499 4.58457 0.231454
1.67421e+09 -6.50138 -8.34354 0.166382
1.67421e+09 -5.7449 7.81524 0.14228
1.67421e+09 -4.60535 23.9905 0.231572
