1687940958.66062355 8.7148962 -4.79525042 0.229966119 0
1687940958.66062355 -0.56743294 -8.72062588 0.238284364 1
1687940958.66062355 2.69102883 -7.46168375 0.134103104 2
1687940958.66062355 -0.665810943 -7.98228168 0.110707156 3
1687940958.66062355 -7.17420626 -8.22492409 0.180576816 4
1687940958.66062355 -0.596972108 7.25162649 0.130878299 5
1687940958.66062355 3.77113295 -12.1262388 0.185058638 6
1687940958.66062355 11.5800343 3.51699162 0.117894448 7
1687940958.66062355 -9.15549564 -13.8968878 0.169009134 8
1687940958.66062355 -4.92863655 -20.9469681 0.209686875 9
