1.67421e+09 8.66278 -6.29799 0.345508
1.67421e+09 -2.17825 -5.69039 0.228199
1.67421e+09 4.93131 -10.1489 0.243293
1.67421e+09 14.0445 -9.12135 0.30377
1.67421e+09 -5.58204 4.45207 0.153259
1.67421e+09 5.24361 4.89771 0.143386
1.67421e+09 10.3599 4.92589 0.199059
1.67421e+09 4.37243 15.7781 0.290404
1.67421e+09 -7.87905 -11.5356 0.243345
1.67421e+09 14.4544 5.97932 0.19418
1.67421e+09 1.1699 5.64056 0.123883
1.67421e+09 -0.736522 5.08423 0.0982255
1.67421e+09 8.78408 -23.0253 0.220243
1.67421e+09 -10.5636 11.0468 0.216671
1.67421e+09 7.80644 12.181 0.238811
1.67421e+09 25.5303 -9.43273 0.310032
1.67421e+09 18.382 11.0115 0.267354
1.67421e+09 -11.6168 6.74109 0.183699
1.67421e+09 15.873 16.4302 0.232041
1.67421e+09 -7.0637 14.8684 0.257365
1.67421e+09 10.3741 6.70282 0.115664
1.67421e+09 26.0503 2.95911 0.256498
1.67421e+09 -5.33434 22.8672 0.279915
1.67421e+09 -0.977758 8.18905 0.130544
