1674207966.52615833 4.56834888 10.0508575 0.30544588 0
1674207966.52615833 -2.05666685 -6.87053919 0.265730947 1
1674207966.52615833 6.23443604 -6.90723944 0.186693996 2
1674207966.52615833 -6.86361647 9.56288528 0.302580357 3
1674207966.52615833 -9.31183243 -11.5071373 0.333654195 4
1674207966.52615833 7.30659819 -12.5940599 0.270007014 5
1674207966.52615833 11.5621319 7.91931295 0.196896076 6
1674207966.52615833 0.586140037 9.49108696 0.194475621 7
1674207966.52615833 14.7394152 11.1354437 0.250706524 8
1674207966.52615833 -0.693784475 14.2829466 0.260008514 9
1674207966.52615833 -7.71600008 14.4245043 0.260371029 10
1674207966.52615833 18.4606457 7.33080196 0.252355307 11
1674207966.52615833 11.1719694 21.1123962 0.262362361 12
