1687940953.61766243 5.35981894 -4.78364134 0.206240728 0
1687940953.61766243 -4.15179873 -8.61916637 0.217578217 1
1687940953.61766243 4.93922281 11.2862387 0.248743102 2
1687940953.61766243 2.6353755 -5.18998671 0.0885712355 3
1687940953.61766243 8.54732609 -11.4804783 0.291819245 4
1687940953.61766243 8.23836613 3.46598411 0.102520488 5
1687940953.61766243 -4.27976513 -7.93353748 0.14747557 6
1687940953.61766243 0.169876218 -12.0984192 0.194514349 7
1687940953.61766243 6.80998421 -9.93091774 0.146169841 8
1687940953.61766243 -4.00046587 7.27457142 0.102466717 9
