1687940955.836555 7.30371857 -4.7400198 0.224963322 0
1687940955.836555 -2.11112833 -8.63771248 0.27034086 1
1687940955.836555 2.38673115 -12.0768824 0.197575003 2
1687940955.836555 -1.97882688 7.29613352 0.113148578 3
1687940955.836555 1.12641644 -7.38649225 0.0956866667 4
1687940955.836555 -8.74231529 10.2058392 0.204205737 5
1687940955.836555 -8.57760048 -8.0515852 0.179992333 6
1687940955.836555 -0.498654902 9.7046299 0.116159871 7
1687940955.836555 -10.6787024 -13.7173719 0.191638112 8
1687940955.836555 10.0007286 3.48973274 0.15995191 9
