1.67421e+09 3.76466 5.62789 0.285899
1.67421e+09 2.84964 -10.7976 0.326263
1.67421e+09 -2.10604 5.5684 0.174343
1.67421e+09 3.81329 11.116 0.245228
1.67421e+09 10.6567 -12.0812 0.285675
1.67421e+09 18.2748 5.75419 0.24284
1.67421e+09 22.1821 -7.35457 0.274956
1.67421e+09 -10.6946 -14.1329 0.230935
1.67421e+09 13.4993 -20.7565 0.235813
1.67421e+09 13.9736 8.36498 0.269226
1.67421e+09 -9.18778 17.275 0.267783
1.67421e+09 0.134753 22.6883 0.23836
1.67421e+09 7.0467 17.6092 0.156026
1.67421e+09 -14.2189 -15.9001 0.195608
1.67421e+09 -6.73925 -23.9142 0.224761
