1687940917.20735455 0.865665555 5.54341364 0.198794499 0
1687940917.20735455 4.09718227 -6.85825777 0.157406405 1
1687940917.20735455 -5.75678921 8.47187424 0.19050388 2
1687940917.20735455 11.8010139 -4.96544743 0.219242811 3
1687940917.20735455 2.43820596 10.7382326 0.187064767 4
1687940917.20735455 5.66770887 5.08157444 0.157061473 5
1687940917.20735455 11.272254 3.49174976 0.166903898 6
1687940917.20735455 -0.519585431 -12.704587 0.165711433 7
1687940917.20735455 17.2028751 3.43465352 0.217179209 8
1687940917.20735455 -8.11778259 -9.23934746 0.17153731 9
