1687940953.81937885 5.47815228 -4.71196651 0.208257362 0
1687940953.81937885 -3.94654942 -8.60373974 0.214027926 1
1687940953.81937885 2.83331394 -5.18253326 0.0956418887 2
1687940953.81937885 5.02316284 11.3056974 0.263442487 3
1687940953.81937885 7.09733963 -9.92573643 0.13502793 4
1687940953.81937885 -4.01750422 -7.83857965 0.112605423 5
1687940953.81937885 -3.80215812 7.28257179 0.0846152306 6
1687940953.81937885 8.4321413 3.51060367 0.12776278 7
1687940953.81937885 12.0033312 7.80095959 0.220364958 8
1687940953.81937885 0.565425873 -12.1306925 0.198297024 9
