1687940940.10246086 4.01778364 -6.25555849 0.268518537 0
1687940940.10246086 7.5142107 -5.4579916 0.185579076 1
1687940940.10246086 -4.37528944 8.64718914 0.192044079 2
1687940940.10246086 -1.4560945 5.59790134 0.0955202952 3
1687940940.10246086 7.94599438 3.31068754 0.155217558 4
1687940940.10246086 12.451396 -3.59171224 0.204646155 5
1687940940.10246086 8.83429623 11.3633385 0.197531193 6
1687940940.10246086 16.1072655 3.82139754 0.240349978 7
1687940940.10246086 -0.57931447 9.50381374 0.133136913 8
1687940940.10246086 -3.89794421 -9.4283905 0.173383936 9
1687940940.10246086 -11.2758999 11.8646479 0.208182439 10
