1.67421e+09 5.0935 -7.35155 0.299363
1.67421e+09 -6.13489 4.73691 0.302749
1.67421e+09 -8.95886 -4.98517 0.286187
1.67421e+09 21.4981 -10.1841 0.326226
1.67421e+09 6.32694 6.8393 0.153399
1.67421e+09 2.64637 -8.25569 0.126106
1.67421e+09 15.4031 5.6075 0.226596
1.67421e+09 20.8253 6.23444 0.305267
1.67421e+09 7.20547 16.5021 0.245587
1.67421e+09 -10.7389 -9.98085 0.201636
1.67421e+09 20.4665 11.6455 0.210023
1.67421e+09 0.568155 -8.55394 0.136562
1.67421e+09 -9.7502 16.3614 0.223608
1.67421e+09 0.332732 6.90689 0.0709997
1.67421e+09 8.40712 -14.8047 0.24359
1.67421e+09 4.94886 -16.9163 0.156989
1.67421e+09 16.0759 22.7787 0.234653
