1687940915.79530835 -0.991589248 5.60542536 0.205772549 0
1687940915.79530835 9.77417564 -4.91158247 0.222201556 1
1687940915.79530835 2.17792559 -6.80653286 0.133930624 2
1687940915.79530835 9.40750694 3.52866817 0.176972389 3
1687940915.79530835 0.684957445 10.8127756 0.202143505 4
1687940915.79530835 -0.576374233 9.42264557 0.150575921 5
1687940915.79530835 12.5211592 1.0533011 0.100957572 6
1687940915.79530835 3.81418085 5.1257782 0.150060683 7
1687940915.79530835 1.00438738 9.59337044 0.0908679441 8
1687940915.79530835 15.405756 3.42256641 0.210397094 9
1687940915.79530835 3.5593493 -16.0472202 0.143357664 10
