1.67421e+09 3.4266 8.23414 0.194409
1.67421e+09 -2.19802 -6.54785 0.224376
1.67421e+09 4.17413 -6.69575 0.188935
1.67421e+09 6.63259 11.4009 0.27232
1.67421e+09 10.271 7.41377 0.247086
1.67421e+09 -3.48067 10.5392 0.274372
1.67421e+09 14.561 -8.7779 0.242985
1.67421e+09 -10.469 -6.328 0.276744
1.67421e+09 -7.55964 10.004 0.159698
1.67421e+09 -8.73608 14.8756 0.30024
1.67421e+09 15.5994 -12.0354 0.26745
1.67421e+09 23.7036 -6.5652 0.29962
1.67421e+09 -15.7796 15.1628 0.265928
1.67421e+09 17.9293 15.161 0.32304
1.67421e+09 13.9943 21.55 0.271945
1.67421e+09 22.7648 1.95858 0.239987
1.67421e+09 -6.13373 25.9648 0.279892
