1674207936.3690815 1.4243834 -6.00578308 0.257402778 0
1674207936.3690815 12.4455166 -6.73300648 0.338011205 1
1674207936.3690815 2.82054782 8.03319836 0.217949033 2
1674207936.3690815 5.00245476 5.2864809 0.0922095627 3
1674207936.3690815 8.67048168 -10.5376606 0.251486987 4
1674207936.3690815 -4.39185333 -11.7247505 0.271524966 5
1674207936.3690815 9.10527611 4.47192144 0.125272006 6
1674207936.3690815 14.3349018 4.46070004 0.222276941 7
1674207936.3690815 11.7370062 11.6748009 0.217424914 8
1674207936.3690815 8.42876911 15.4437971 0.304540932 9
1674207936.3690815 -7.74229622 6.66903496 0.182145745 10
1674207936.3690815 -6.61049175 10.9490232 0.19760929 11
1674207936.3690815 -3.03625154 14.8203697 0.256895781 12
1674207936.3690815 4.34996271 -14.2663975 0.178047284 13
1674207936.3690815 3.35026288 11.1435022 0.110014901 14
