1687940889.97525644 1.88744998 6.25970745 0.203995258 0
1687940889.97525644 5.60371685 -1.21468842 0.18249847 1
1687940889.97525644 9.00683117 5.45340586 0.316664189 2
1687940889.97525644 -0.715210974 -5.15803576 0.120134443 3
1687940889.97525644 -1.86655617 7.77853918 0.250149131 4
1687940889.97525644 8.17192936 3.68673921 0.317539006 5
1687940889.97525644 5.93384314 -5.19283867 0.233204097 6
1687940889.97525644 1.97777939 -14.7441063 0.215865538 7
1687940889.97525644 -4.83542824 6.40408993 0.119690523 8
1687940889.97525644 -6.69889164 8.61844063 0.195082158 9
1687940889.97525644 -1.69466376 14.4822311 0.169325545 10
