1674207961.98747015 4.61813307 6.31432581 0.281548172 0
1674207961.98747015 8.87340164 -6.92091846 0.332244813 1
1674207961.98747015 4.45362568 11.5128546 0.26066947 2
1674207961.98747015 0.510769248 8.49821854 0.219200805 3
1674207961.98747015 11.7056704 -12.8105049 0.337650418 4
1674207961.98747015 -10.4174442 -9.99798775 0.261469424 5
1674207961.98747015 13.4805984 8.29195213 0.307100534 6
1674207961.98747015 -9.77112579 6.25226402 0.283417672 7
1674207961.98747015 -2.68819904 -11.5182161 0.23231104 8
1674207961.98747015 5.78035641 -11.0949268 0.24931258 9
1674207961.98747015 -9.71720982 11.7142782 0.237179458 10
1674207961.98747015 12.5839596 13.129549 0.240206167 11
1674207961.98747015 0.0744666755 -20.3149586 0.247854337 12
1674207961.98747015 19.6215057 -19.5515633 0.325961262 13
1674207961.98747015 5.59136152 21.0568447 0.219351262 14
1674207961.98747015 19.6827602 12.9898682 0.264245003 15
1674207961.98747015 10.2375937 -13.1549425 0.131694958 16
