1687940916.60218811 0.0907187164 5.57633829 0.190936059 0
1687940916.60218811 10.8260345 -4.94582701 0.230079666 1
1687940916.60218811 3.21628928 -6.833498 0.134206012 2
1687940916.60218811 1.70499492 10.7950277 0.204042181 3
1687940916.60218811 -6.50364017 8.50908852 0.198493287 4
1687940916.60218811 10.4348431 3.54584503 0.186834306 5
1687940916.60218811 -1.36790216 -12.7144613 0.171649203 6
1687940916.60218811 4.75230026 5.10256004 0.143062934 7
1687940916.60218811 16.4504528 3.43255067 0.206238985 8
1687940916.60218811 2.25175548 9.74313259 0.178297445 9
1687940916.60218811 -9.34159279 16.6941032 0.216908336 10
