1.67421e+09 4.22931 5.28396 0.203274
1.67421e+09 4.75507 5.93809 0.228183
1.67421e+09 4.78465 5.95395 0.229832
1.67421e+09 4.74469 5.89717 0.224823
1.67421e+09 4.70757 5.84595 0.219638
1.67421e+09 4.68761 5.81047 0.216022
1.67421e+09 4.66331 5.77608 0.213165
1.67421e+09 4.64451 5.7481 0.209584
1.67421e+09 4.63524 5.72862 0.21018
1.67421e+09 4.62041 5.7074 0.208181
1.67421e+09 9.84719 5.57272 0.292801
1.67421e+09 11.0581 6.24814 0.328742
1.67421e+09 11.0448 6.23462 0.329359
1.67421e+09 10.9101 6.14196 0.326272
1.67421e+09 10.8061 6.09582 0.324187
1.67421e+09 10.7061 6.04008 0.319585
1.67421e+09 10.6401 6.01729 0.313252
1.67421e+09 10.5784 5.9924 0.30859
1.67421e+09 10.5279 5.96842 0.30497
1.67421e+09 9.36373 -10.857 0.308834
1.67421e+09 10.7014 -12.408 0.352954
1.67421e+09 10.8925 -12.6296 0.359256
1.67421e+09 10.7613 -12.4481 0.352011
1.67421e+09 10.6357 -12.2285 0.354207
1.67421e+09 10.4823 -12.0673 0.346085
1.67421e+09 10.467 -12.0512 0.345272
1.67421e+09 9.63432 10.9675 0.220221
1.67421e+09 10.8603 12.353 0.245888
1.67421e+09 10.8893 12.369 0.244823
1.67421e+09 10.7863 12.2429 0.240663
1.67421e+09 10.7002 12.1299 0.236303
1.67421e+09 10.6332 12.0407 0.234262
1.67421e+09 10.5808 11.9662 0.229763
1.67421e+09 10.5402 11.9033 0.224444
1.67421e+09 -4.71737 7.20222 0.142158
1.67421e+09 -5.32407 8.10207 0.161954
1.67421e+09 -5.306 8.10357 0.165053
1.67421e+09 -5.22055 8.01385 0.159869
1.67421e+09 -5.14811 7.93485 0.161033
1.67421e+09 -5.08305 7.86828 0.157781
1.67421e+09 -5.02568 7.81237 0.154592
1.67421e+09 -10.0763 5.81489 0.26625
1.67421e+09 -11.3386 6.5412 0.296665
1.67421e+09 -11.4964 6.63199 0.300467
1.67421e+09 17.16 -11.9855 0.287423
1.67421e+09 19.2668 -13.4567 0.320588
1.67421e+09 19.5302 -13.6406 0.324734
1.67421e+09 19.3387 -13.4781 0.315623
1.67421e+09 19.1497 -13.3084 0.307887
1.67421e+09 19 -13.1693 0.30049
1.67421e+09 18.9864 -13.1566 0.299818
1.67421e+09 18.8888 -13.0621 0.295684
1.67421e+09 -3.08788 16.8556 0.275213
1.67421e+09 -3.45809 18.9597 0.304201
1.67421e+09 -3.43929 18.9616 0.297983
1.67421e+09 -3.38664 18.7468 0.285801
1.67421e+09 -3.94119 -14.5119 0.256499
1.67421e+09 -4.45284 -16.3325 0.279631
1.67421e+09 -4.46935 -16.3291 0.269253
1.67421e+09 6.09667 22.5041 0.238555
1.67421e+09 6.8884 25.3215 0.263544
1.67421e+09 6.92049 25.3321 0.260291
1.67421e+09 6.87322 25.0558 0.247663
1.67421e+09 13.9128 23.2498 0.254837
1.67421e+09 15.6656 26.1588 0.282005
1.67421e+09 15.6882 26.1592 0.272985
1.67421e+09 0.153415 -24.2134 0.240067
1.67421e+09 24.6702 6.2277 0.21813
