1687940954.72710133 6.31172419 -4.74482965 0.222250864 0
1687940954.72710133 -3.0645113 -8.60657597 0.249548912 1
1687940954.72710133 -3.21453691 -7.90553284 0.151078001 2
1687940954.72710133 3.67417479 -5.18005419 0.0926817954 3
1687940954.72710133 -2.86893702 7.2666378 0.10610304 4
1687940954.72710133 0.191021577 -7.27012396 0.126973689 5
1687940954.72710133 9.34769821 3.51814318 0.139779985 6
1687940954.72710133 7.88374329 -9.91294098 0.140864164 7
1687940954.72710133 -1.6654669 9.78855705 0.183726579 8
1687940954.72710133 -9.53408909 10.242074 0.190986425 9
1687940954.72710133 -11.6950464 -13.6045637 0.166978359 10
