1687940939.19473648 3.08332586 -6.24046993 0.269325316 0
1687940939.19473648 6.55797625 -5.4588728 0.178808734 1
1687940939.19473648 11.3514328 -3.62562895 0.206571206 2
1687940939.19473648 -5.32152224 8.6636467 0.202866256 3
1687940939.19473648 7.02614546 3.2350738 0.147871792 4
1687940939.19473648 -2.43485546 5.57014799 0.0840501711 5
1687940939.19473648 7.9542222 11.3564577 0.228926867 6
1687940939.19473648 15.1127291 3.77326536 0.234062403 7
1687940939.19473648 10.0402756 -12.4265661 0.20368287 8
1687940939.19473648 -0.287940472 -10.5275307 0.136906952 9
1687940939.19473648 -4.81276035 -9.44150925 0.1554057 10
1687940939.19473648 -12.1905689 11.8600464 0.207542896 11
1687940939.19473648 -1.54279411 9.49090767 0.112731285 12
