1.67421e+09 -6.81209 4.78972 0.306581
1.67421e+09 -7.6592 5.39273 0.342088
1.67421e+09 -7.65114 5.40017 0.33947
1.67421e+09 -7.57371 5.33711 0.337884
1.67421e+09 20.7136 -10.2547 0.329519
1.67421e+09 23.3015 -11.5311 0.374588
1.67421e+09 23.3226 -11.538 0.367875
1.67421e+09 23.325 -11.5388 0.367129
1.67421e+09 23.3252 -11.5389 0.367046
1.67421e+09 5.47914 6.83207 0.138765
1.67421e+09 6.21656 7.69488 0.166852
1.67421e+09 6.26338 7.70119 0.172747
1.67421e+09 6.26858 7.70189 0.173403
1.67421e+09 6.21942 7.62782 0.178157
1.67421e+09 6.1686 7.55482 0.177525
1.67421e+09 6.14528 7.49465 0.180252
1.67421e+09 6.14333 7.48963 0.180479
1.67421e+09 14.5754 5.53205 0.209966
1.67421e+09 16.431 6.24329 0.235342
1.67421e+09 16.4437 6.25316 0.235773
1.67421e+09 16.2845 6.19571 0.232821
1.67421e+09 16.2685 6.18997 0.232526
1.67421e+09 16.0746 6.11597 0.226153
1.67421e+09 16.057 6.10924 0.225573
1.67421e+09 15.9731 6.05704 0.215061
1.67421e+09 1.87289 -8.2306 0.154721
1.67421e+09 2.08898 -9.2798 0.165712
1.67421e+09 2.08216 -9.27969 0.157137
1.67421e+09 2.07313 -9.1736 0.15226
1.67421e+09 2.06703 -9.0732 0.146853
1.67421e+09 2.05642 -8.99998 0.148075
1.67421e+09 20.1505 6.19302 0.307645
1.67421e+09 23.0291 7.07773 0.351594
1.67421e+09 23.4404 7.20412 0.357873
1.67421e+09 23.0689 7.06703 0.356599
1.67421e+09 22.6718 6.96873 0.350652
1.67421e+09 22.4029 6.90248 0.329923
1.67421e+09 6.55391 16.517 0.23974
1.67421e+09 7.38894 18.5769 0.266
1.67421e+09 7.39407 18.5796 0.268868
1.67421e+09 7.32001 18.3698 0.263146
1.67421e+09 7.25786 18.1765 0.256259
1.67421e+09 -0.191174 -8.48168 0.113086
1.67421e+09 -0.227135 -9.54386 0.127452
1.67421e+09 -9.66134 -17.8747 0.223314
1.67421e+09 -10.8305 -20.1043 0.243399
1.67421e+09 -13.4572 13.0321 0.242861
1.67421e+09 19.739 11.5851 0.20332
1.67421e+09 22.2381 13.041 0.229164
1.67421e+09 22.2756 13.0509 0.229152
1.67421e+09 21.9947 12.8926 0.224115
1.67421e+09 21.795 12.7683 0.216861
1.67421e+09 -10.4128 16.3912 0.218319
1.67421e+09 -11.7002 18.4505 0.241832
1.67421e+09 -11.6836 18.4782 0.24144
1.67421e+09 -0.344491 6.95987 0.0933838
1.67421e+09 -0.39086 7.83755 0.110142
1.67421e+09 -0.384221 7.8451 0.106363
1.67421e+09 -2.08625 19.7268 0.262605
1.67421e+09 -2.38429 22.545 0.30012
1.67421e+09 15.395 22.74 0.220921
1.67421e+09 17.3501 25.5874 0.248222
1.67421e+09 17.3846 25.5903 0.245961
1.67421e+09 -11.8172 -9.8475 0.156704
1.67421e+09 -13.3038 -11.0816 0.185699
1.67421e+09 -13.2982 -11.07 0.178635
1.67421e+09 6.49227 23.1315 0.244955
