1687940898.04403877 -0.320923656 -7.98710823 0.225004479 0
1687940898.04403877 -1.37599552 8.86806107 0.200654179 1
1687940898.04403877 0.36210835 -9.69693661 0.283073306 2
1687940898.04403877 5.84476566 -4.3224864 0.103824154 3
1687940898.04403877 -5.26128626 10.8768711 0.270108879 4
1687940898.04403877 6.23875427 -2.18428683 0.0919964537 5
1687940898.04403877 14.6443491 7.12996149 0.335000455 6
1687940898.04403877 3.46691179 8.45129871 0.135911971 7
1687940898.04403877 7.52876043 7.18497229 0.131174579 8
1687940898.04403877 0.575063765 6.87208796 0.134536579 9
1687940898.04403877 4.94248486 16.2788429 0.30377993 10
1687940898.04403877 -6.21285629 16.9737797 0.179111913 11
