1.67421e+09 2.32257 5.36948 0.194205
1.67421e+09 2.64381 6.0543 0.215671
1.67421e+09 2.66022 6.06327 0.213404
1.67421e+09 2.62358 5.9912 0.210516
1.67421e+09 2.60463 5.93308 0.205934
1.67421e+09 2.59259 5.88831 0.202106
1.67421e+09 2.5842 5.85348 0.198761
1.67421e+09 2.57823 5.82386 0.195775
1.67421e+09 2.57487 5.79968 0.193182
1.67421e+09 2.56518 5.77233 0.190057
1.67421e+09 7.89024 5.61848 0.303553
1.67421e+09 9.01741 6.42112 0.346918
1.67421e+09 9.00923 6.41219 0.343418
1.67421e+09 8.89207 6.33814 0.336693
1.67421e+09 8.79189 6.27874 0.329248
1.67421e+09 8.78188 6.2728 0.328504
1.67421e+09 8.78087 6.27221 0.328429
1.67421e+09 8.70505 6.22717 0.322114
1.67421e+09 8.63927 6.18968 0.315739
1.67421e+09 8.57793 6.143 0.316161
1.67421e+09 7.49596 -10.7218 0.342106
1.67421e+09 8.4245 -12.0733 0.377836
1.67421e+09 8.54056 -12.2422 0.382303
1.67421e+09 8.4464 -12.0767 0.368896
1.67421e+09 8.43594 -12.0583 0.367407
1.67421e+09 7.74426 11.0743 0.231209
1.67421e+09 8.74579 12.4703 0.254653
1.67421e+09 8.75738 12.4774 0.253176
1.67421e+09 8.67008 12.3438 0.247261
1.67421e+09 8.60022 12.2275 0.244298
1.67421e+09 8.53911 12.1317 0.243639
1.67421e+09 8.49763 12.0539 0.240449
1.67421e+09 8.46637 11.9879 0.235882
1.67421e+09 15.1748 -11.8711 0.283684
1.67421e+09 17.0896 -13.3586 0.310478
1.67421e+09 17.3289 -13.5445 0.313827
1.67421e+09 17.1508 -13.3877 0.30721
1.67421e+09 16.966 -13.1969 0.306815
1.67421e+09 16.814 -13.0459 0.292693
1.67421e+09 16.67 -12.9235 0.293196
1.67421e+09 16.5564 -12.8268 0.291147
1.67421e+09 -6.91357 7.29974 0.13083
1.67421e+09 -7.77363 8.22468 0.171266
1.67421e+09 -4.98682 16.9201 0.263366
1.67421e+09 -5.59701 19.0343 0.292901
1.67421e+09 -5.58472 19.0363 0.292784
1.67421e+09 18.0756 8.57204 0.264617
1.67421e+09 22.4934 6.16484 0.260826
1.67421e+09 25.3382 6.94518 0.290523
1.67421e+09 25.3779 6.9584 0.284851
1.67421e+09 25.065 6.87088 0.277871
1.67421e+09 24.8268 6.80738 0.270607
1.67421e+09 -11.9449 5.87887 0.243685
1.67421e+09 -5.92775 -14.4204 0.184023
1.67421e+09 -6.62045 -16.1793 0.211399
1.67421e+09 4.55523 -26.3593 0.226404
1.67421e+09 5.18582 -29.6329 0.251637
1.67421e+09 4.20203 22.5812 0.2347
1.67421e+09 4.75451 25.4016 0.256708
1.67421e+09 4.78868 25.4118 0.258023
1.67421e+09 -1.80989 -24.207 0.254314
1.67421e+09 -2.03103 -27.2201 0.286401
1.67421e+09 -2.01402 -27.2065 0.272555
1.67421e+09 -13.7086 20.7201 0.300235
1.67421e+09 12.0469 23.3447 0.256097
