1687940923.56151485 -2.08509088 -5.79320002 0.228585526 0
1687940923.56151485 1.14671111 8.11049843 0.208659172 1
1687940923.56151485 11.6141825 -3.84557271 0.243552163 2
1687940923.56151485 8.00586128 5.31248808 0.212727547 3
1687940923.56151485 8.63014603 -4.07556629 0.123748161 4
1687940923.56151485 -1.78218627 16.1904545 0.237114459 5
1687940923.56151485 -4.02939606 8.74308872 0.122556336 6
1687940923.56151485 -3.4900527 -8.11597443 0.111465238 7
1687940923.56151485 11.4631748 -6.99333239 0.154344529 8
1687940923.56151485 12.7765684 4.92859793 0.187765643 9
