1.67421e+09 7.71873 3.51012 0.248348
1.67421e+09 8.70333 3.96087 0.280653
1.67421e+09 8.72179 3.97231 0.279866
1.67421e+09 8.64188 3.94072 0.275522
1.67421e+09 8.56361 3.91042 0.268381
1.67421e+09 8.50466 3.88989 0.263476
1.67421e+09 8.45828 3.87468 0.259774
1.67421e+09 8.42225 3.86505 0.256924
1.67421e+09 8.38492 3.84976 0.255652
1.67421e+09 8.36065 3.84457 0.253264
1.67421e+09 7.24086 -8.54201 0.348951
1.67421e+09 8.17139 -9.59879 0.385598
1.67421e+09 8.16579 -9.59522 0.382968
1.67421e+09 8.10419 -9.48422 0.370492
1.67421e+09 8.02073 -9.383 0.365844
1.67421e+09 7.93479 -9.30866 0.366632
1.67421e+09 7.875 -9.21406 0.347304
1.67421e+09 7.58859 11.6806 0.236151
1.67421e+09 -4.26809 -8.04198 0.288611
1.67421e+09 -4.82624 -9.03629 0.31894
1.67421e+09 -3.96306 7.06193 0.231125
1.67421e+09 -4.42155 7.95541 0.2567
1.67421e+09 -4.42121 7.95585 0.253989
1.67421e+09 -4.37134 7.86878 0.2486
1.67421e+09 -4.31811 7.79086 0.244021
1.67421e+09 -4.26665 7.72794 0.240227
1.67421e+09 -4.25933 7.66089 0.244179
1.67421e+09 12.1517 -6.04734 0.300793
1.67421e+09 13.8876 -6.91125 0.343764
1.67421e+09 14.1356 -7.03466 0.349902
1.67421e+09 13.9883 -6.89667 0.324136
1.67421e+09 13.7843 -6.79526 0.303187
1.67421e+09 -9.63932 -5.10804 0.325729
1.67421e+09 -11.0164 -5.83776 0.372262
1.67421e+09 14.8394 3.76718 0.275792
1.67421e+09 16.7057 4.24568 0.306765
1.67421e+09 16.7204 4.25515 0.302914
1.67421e+09 16.5316 4.2057 0.29293
1.67421e+09 16.3773 4.17132 0.287316
1.67421e+09 16.2567 4.14772 0.281978
1.67421e+09 16.1705 4.13268 0.286757
1.67421e+09 16.0562 4.10032 0.285834
1.67421e+09 15.9539 4.06956 0.28685
1.67421e+09 4.73578 -8.45198 0.182038
1.67421e+09 5.41232 -9.6594 0.208043
1.67421e+09 5.40423 -9.68544 0.199776
1.67421e+09 5.30155 -9.53019 0.214769
1.67421e+09 5.22984 -9.42906 0.205287
1.67421e+09 5.18565 -9.31855 0.190656
1.67421e+09 0.320695 12.0849 0.259629
1.67421e+09 0.371714 13.587 0.28969
1.67421e+09 0.361993 13.5934 0.288277
1.67421e+09 -7.90233 6.16988 0.199853
1.67421e+09 10.8124 -11.0221 0.181
1.67421e+09 12.1068 -12.4102 0.200162
1.67421e+09 12.0678 -12.421 0.20288
1.67421e+09 11.8932 -12.2713 0.198643
1.67421e+09 11.8016 -12.1348 0.193281
1.67421e+09 22.1203 4.31885 0.246264
1.67421e+09 24.9222 4.85374 0.273275
1.67421e+09 24.9645 4.84954 0.271925
1.67421e+09 24.7274 4.79179 0.266052
1.67421e+09 24.5181 4.74042 0.262288
1.67421e+09 24.3482 4.69897 0.255618
1.67421e+09 -10.2436 13.4696 0.285327
1.67421e+09 1.66543 6.47723 0.112384
1.67421e+09 1.8733 7.30625 0.132911
1.67421e+09 1.87742 7.28384 0.136088
1.67421e+09 1.07422 -11.8357 0.163819
1.67421e+09 1.2403 -13.3158 0.183034
1.67421e+09 1.26363 -13.316 0.183989
1.67421e+09 -2.18064 17.6156 0.249412
1.67421e+09 -2.43219 19.806 0.278155
1.67421e+09 -2.40778 19.797 0.277946
1.67421e+09 -8.86032 -8.21095 0.156793
1.67421e+09 -10.1261 -9.38395 0.179192
1.67421e+09 -13.4059 -8.82278 0.227851
1.67421e+09 10.761 15.2345 0.275709
1.67421e+09 -7.68751 7.90922 0.125691
1.67421e+09 -8.63881 8.90932 0.138168
1.67421e+09 12.8263 -18.9578 0.17569
