1.67421e+09 3.19775 -7.96449 0.280367
1.67421e+09 3.65457 -9.10228 0.320419
1.67421e+09 3.6409 -9.09607 0.31408
1.67421e+09 3.62252 -8.94685 0.301963
1.67421e+09 3.56325 -8.83364 0.293291
1.67421e+09 3.51349 -8.73933 0.285036
1.67421e+09 3.50211 -8.6559 0.279549
1.67421e+09 3.48536 -8.58822 0.273119
1.67421e+09 3.4819 -8.52823 0.268113
1.67421e+09 3.48446 -8.47589 0.263782
1.67421e+09 12.2874 -5.79664 0.295075
1.67421e+09 13.8522 -6.48816 0.331165
1.67421e+09 14.0478 -6.5746 0.335676
1.67421e+09 13.8896 -6.47056 0.32728
1.67421e+09 13.7477 -6.33321 0.327695
1.67421e+09 13.6317 -6.21872 0.320527
1.67421e+09 13.543 -6.12219 0.315999
1.67421e+09 13.5356 -6.11414 0.315622
1.67421e+09 -1.55587 8.3027 0.286823
1.67421e+09 -1.748 9.33273 0.326177
1.67421e+09 -1.74784 9.33295 0.323058
1.67421e+09 -1.72941 9.23369 0.317094
1.67421e+09 11.2644 3.12673 0.229942
1.67421e+09 12.6822 3.50429 0.262428
1.67421e+09 12.6612 3.47998 0.257531
1.67421e+09 12.5328 3.43004 0.254038
1.67421e+09 12.4045 3.38176 0.242809
1.67421e+09 12.3929 3.37737 0.241788
1.67421e+09 12.304 3.35176 0.241157
1.67421e+09 12.2202 3.30028 0.235324
1.67421e+09 5.8302 16.1563 0.31747
1.67421e+09 6.55943 18.1734 0.355059
1.67421e+09 6.65058 18.4256 0.359758
1.67421e+09 6.66198 18.4571 0.360345
1.67421e+09 6.6634 18.461 0.360419
1.67421e+09 -5.39031 12.0948 0.261799
1.67421e+09 -6.04969 13.6108 0.2916
1.67421e+09 -6.07021 13.5992 0.296559
1.67421e+09 -5.98368 13.4515 0.285735
1.67421e+09 -8.48821 8.89136 0.194317
1.67421e+09 -9.54039 10.0062 0.214167
1.67421e+09 -9.53042 10.0095 0.211132
1.67421e+09 -9.41162 9.90168 0.205467
1.67421e+09 13.7176 -17.5319 0.244336
1.67421e+09 15.4795 -19.7291 0.283731
1.67421e+09 15.5361 -19.7273 0.279785
1.67421e+09 15.5424 -19.7271 0.279346
1.67421e+09 15.5431 -19.727 0.279297
1.67421e+09 15.4046 -19.5113 0.278115
1.67421e+09 15.2668 -19.3057 0.26152
1.67421e+09 -15.3972 11.0086 0.257708
1.67421e+09 16.7281 19.5619 0.275856
1.67421e+09 18.8573 22.0053 0.302536
