1674207961.28143883 7.83213043 6.11043024 0.26405549 0
1674207961.28143883 3.73060894 8.39421177 0.245997399 1
1674207961.28143883 -7.32364702 -10.2486172 0.294220895 2
1674207961.28143883 -6.55844688 6.15716934 0.279014587 3
1674207961.28143883 7.72732115 11.2819662 0.23898004 4
1674207961.28143883 16.6279602 7.96234751 0.248092562 5
1674207961.28143883 -6.48139668 11.6563473 0.253269434 6
1674207961.28143883 14.7727242 -12.9578142 0.301514655 7
1674207961.28143883 0.447837681 -11.6239367 0.241834715 8
1674207961.28143883 3.04695535 -20.422739 0.238181204 9
1674207961.28143883 -9.70158005 23.2067642 0.249857068 10
1674207961.28143883 22.9759312 12.7538233 0.285028577 11
1674207961.28143883 -20.9064484 -13.4455957 0.214439467 12
