1687940921.64518785 -3.73476124 -5.60577059 0.229356363 0
1687940921.64518785 9.77857208 -2.93227053 0.252307266 1
1687940921.64518785 5.67379713 6.00464582 0.20752798 2
1687940921.64518785 -1.27292585 8.47243977 0.224369735 3
1687940921.64518785 6.82197714 -3.32019162 0.125100151 4
1687940921.64518785 -7.06726408 4.62877274 0.226065502 5
1687940921.64518785 5.71311474 -12.359807 0.186784774 6
1687940921.64518785 -2.19319081 -9.44832039 0.140798658 7
1687940921.64518785 6.94448996 11.3329916 0.221407443 8
1687940921.64518785 9.86859989 -6.10382938 0.147211194 9
1687940921.64518785 -4.61607885 16.3465729 0.222016752 10
1687940921.64518785 -6.43637609 8.77264595 0.105209947 11
1687940921.64518785 10.3580246 5.92544603 0.139953569 12
