1687940939.69902277 3.53216934 -6.13482237 0.29700315 0
1687940939.69902277 1.07767093 -5.98162842 0.188975453 1
1687940939.69902277 7.08971739 -5.47745323 0.179388344 2
1687940939.69902277 -4.73775196 8.66695786 0.193234593 3
1687940939.69902277 11.8447905 -3.67089081 0.197381929 4
1687940939.69902277 -1.84618628 5.57645988 0.082518138 5
1687940939.69902277 7.63182449 3.18064094 0.147984907 6
1687940939.69902277 8.50452042 11.3619251 0.239138201 7
1687940939.69902277 0.276174277 -10.5751562 0.149280593 8
1687940939.69902277 15.6467266 3.73460507 0.217750505 9
1687940939.69902277 -0.931546628 9.50042915 0.126461223 10
1687940939.69902277 -11.5923595 11.9256372 0.216280565 11
1687940939.69902277 10.5295181 -12.4709272 0.235385194 12
