1.67421e+09 -8.19534 4.927 0.302865
1.67421e+09 18.8097 6.16512 0.31703
1.67421e+09 4.22583 6.87018 0.148021
1.67421e+09 13.3275 5.56985 0.230974
1.67421e+09 -11.0945 -4.78355 0.271806
1.67421e+09 5.25343 16.5475 0.238943
1.67421e+09 18.4368 11.5362 0.210331
1.67421e+09 -1.71957 -8.42202 0.128408
1.67421e+09 -14.7687 13.2017 0.264597
1.67421e+09 -11.1938 -17.7153 0.193017
1.67421e+09 -0.752797 5.17849 0.228699
1.67421e+09 -11.6985 16.6269 0.218821
1.67421e+09 -1.71747 7.02395 0.0748784
1.67421e+09 -13.2422 -9.64841 0.186822
1.67421e+09 -0.0852255 7.44436 0.124878
