1674207974.59494758 10.5703125 4.28362846 0.231225133 0
1674207974.59494758 5.09270716 11.9399948 0.273214281 1
1674207974.59494758 11.4894714 10.54494 0.271229923 2
1674207974.59494758 1.88492811 7.6169157 0.177946717 3
1674207974.59494758 17.27425 -8.63613415 0.26943031 4
1674207974.59494758 -9.97276402 -9.75829411 0.25613597 5
1674207974.59494758 21.8910656 -6.71764708 0.323219687 6
1674207974.59494758 0.231037676 6.11778021 0.143612117 7
1674207974.59494758 -11.0403481 -6.51426888 0.236517563 8
1674207974.59494758 5.02032137 8.94494534 0.127309248 9
1674207974.59494758 20.5505161 -17.1513062 0.325822443 10
1674207974.59494758 -7.76879454 17.4274902 0.265900046 11
1674207974.59494758 -0.68717736 -16.455761 0.254677266 12
