1674207942.01720667 5.95556211 -6.08400393 0.32721445 0
1674207942.01720667 11.2992716 -8.87946796 0.305801451 1
1674207942.01720667 -4.87732887 -5.55803919 0.22889629 2
1674207942.01720667 2.26124287 -9.96768475 0.245680153 3
1674207942.01720667 7.5991416 5.12796068 0.177204236 4
1674207942.01720667 2.41689539 5.13702822 0.13740088 5
1674207942.01720667 11.7055492 6.2211194 0.191205561 6
1674207942.01720667 5.01019049 12.3722115 0.23619625 7
1674207942.01720667 -3.8900857 8.46933746 0.196762994 8
1674207942.01720667 -1.60457742 5.80279827 0.118093327 9
1674207942.01720667 1.56897032 15.9653511 0.29499343 10
1674207942.01720667 -3.48858643 5.20732403 0.109570935 11
1674207942.01720667 -8.86745167 -17.4582825 0.304881513 12
1674207942.01720667 -8.29546547 4.56458855 0.154462442 13
1674207942.01720667 23.2262897 3.13504314 0.261630267 14
1674207942.01720667 15.6551285 11.2757902 0.255202025 15
1674207942.01720667 7.71533012 6.96146154 0.105159216 16
1674207942.01720667 13.066556 16.6787891 0.224516064 17
1674207942.01720667 -1.84387505 -13.7936258 0.147234946 18
