1674207936.3690815 0.882352941
1674207936.46993303 0.823529412
1674207937.37771821 0.823529412
1674207937.47854185 0.833333333
1674207937.68023229 0.7
1674207937.78113794 0.777777778
1674207937.88198733 0.888888889
1674207938.08371115 0.894736842
1674207938.28543925 0.842105263
1674207938.38629866 0.833333333
1674207938.48716927 0.736842105
1674207938.68884635 0.736842105
1674207938.78977489 0.941176471
1674207938.99144363 0.777777778
1674207939.09227872 0.823529412
1674207939.2940588 0.941176471
1674207939.39488697 0.833333333
1674207939.59658194 0.789473684
1674207939.69744587 0.85
1674207939.89919138 0.695652174
1674207940.00004148 0.857142857
1674207940.20173955 0.727272727
1674207940.60520697 0.708333333
1674207941.10951853 0.76
1674207941.21035552 0.807692308
1674207941.51293421 0.892857143
1674207941.61376572 0.857142857
1674207941.71463442 0.84
1674207941.91639185 0.875
1674207942.01720667 0.826086957
1674207942.31977987 0.772727273
1674207942.42067814 0.869565217
1674207942.62241411 0.769230769
1674207942.82411027 0.740740741
1674207943.02579975 0.846153846
1674207943.12666941 0.741935484
1674207943.42928696 0.7
1674207943.63098812 0.833333333
1674207943.73187399 0.814814815
1674207943.93355227 0.857142857
1674207944.1353097 0.785714286
1674207944.33699393 0.96
1674207944.53875494 0.84
1674207944.6395731 0.791666667
1674207944.84139705 0.913043478
1674207945.04300642 0.875
1674207945.24477243 0.875
1674207945.44644833 0.782608696
1674207945.64816666 0.80952381
1674207945.74902678 0.80952381
1674207945.9508357 0.684210526
1674207946.05163622 0.75
1674207946.25334072 0.722222222
1674207946.4550426 0.736842105
1674207946.65679479 0.941176471
1674207946.75766373 0.833333333
1674207947.06026483 0.714285714
1674207947.26197243 0.695652174
1674207947.46365666 0.904761905
1674207947.56450486 0.952380952
1674207947.76625919 0.904761905
1674207947.96799374 0.857142857
1674207948.16973758 0.826086957
1674207948.37142134 0.80952381
1674207948.57315063 0.777777778
1674207948.67399263 0.823529412
1674207948.8756671 0.684210526
1674207949.07746434 0.777777778
1674207949.27915144 0.875
1674207949.37996483 0.875
1674207949.58171701 0.882352941
1674207949.68257046 0.631578947
1674207949.98520947 0.611111111
1674207950.18686318 0.736842105
1674207950.2877357 0.941176471
1674207950.48941827 0.736842105
1674207950.6911633 0.75
1674207950.79203582 0.941176471
1674207951.09462619 0.571428571
1674207951.19553375 0.736842105
1674207951.39722276 0.789473684
1674207951.59952879 0.65
1674207951.80065227 0.7
1674207951.90146661 0.833333333
1674207952.20410275 0.722222222
1674207952.30492353 0.842105263
1674207952.50663233 0.85
1674207952.70836163 0.772727273
1674207953.0109725 0.608695652
1674207953.11179876 0.842105263
1674207953.31349421 0.7
1674207953.51525354 0.882352941
1674207953.71696377 0.777777778
1674207953.81783915 0.789473684
1674207954.12039304 0.681818182
1674207954.22127295 0.8
1674207954.42296886 0.714285714
1674207954.62469339 0.7
1674207954.82640409 0.666666667
1674207955.02815461 0.761904762
1674207955.22985721 0.842105263
1674207955.33068657 0.85
1674207955.53241014 0.80952381
1674207955.6333375 0.681818182
1674207956.23844099 0.565217391
1674207956.33928704 0.944444444
1674207956.64190197 0.777777778
1674207956.74275351 0.875
1674207956.94447899 0.8125
1674207957.14620495 0.588235294
1674207957.3479321 0.75
1674207957.5496459 0.631578947
1674207957.85219646 0.882352941
1674207957.95306706 0.705882353
1674207958.25568199 0.647058824
1674207958.35653877 0.722222222
1674207958.65908289 0.823529412
1674207958.76000714 0.875
1674207958.96176195 0.764705882
1674207959.16343784 0.625
1674207959.46601748 0.571428571
1674207959.56679487 0.714285714
1674207959.86941028 0.5
1674207959.97028923 0.733333333
1674207960.27287841 0.588235294
1674207960.47453332 0.5625
1674207960.77711153 0.611111111
1674207960.87798309 0.777777778
1674207961.07971668 0.8125
1674207961.28143883 0.625
1674207961.58402729 0.733333333
1674207961.68489599 0.857142857
1674207962.08830786 0.705882353
1674207962.18918443 0.75
1674207962.49181509 0.7
1674207962.59260798 0.647058824
1674207962.99609804 0.714285714
1674207963.09693718 0.6
1674207963.3995018 0.857142857
1674207963.50038528 0.666666667
1674207963.80294418 0.888888889
1674207964.00467348 0.75
1674207964.30724525 0.75
1674207964.40810108 0.894736842
1674207964.81160927 0.666666667
1674207964.91237402 0.941176471
1674207965.11411953 0.761904762
1674207965.31582689 0.80952381
1674207965.71926785 0.842105263
1674207965.82015681 0.777777778
1674207966.12269521 0.611111111
1674207966.22358537 0.75
1674207966.52615833 0.588235294
1674207966.72783279 0.625
1674207967.03047538 0.647058824
1674207967.1312995 0.875
1674207967.4338603 0.647058824
1674207967.6356101 0.8125
1674207967.93817854 0.705882353
1674207968.03900957 0.75
1674207968.34161735 0.523809524
1674207968.54331112 0.590909091
1674207968.84596205 0.65
1674207968.94674587 0.65
1674207969.2493763 0.631578947
1674207969.45110559 0.866666667
1674207969.75367141 0.8125
1674207969.8545258 0.857142857
1674207970.15710402 0.714285714
1674207970.35880756 0.714285714
1674207970.5605917 0.909090909
1674207970.76230478 0.9
1674207971.06490684 0.666666667
1674207971.26655436 0.571428571
1674207971.56920671 0.769230769
1674207971.77088976 0.833333333
1674207972.07342243 0.75
1674207972.1743052 0.642857143
1674207972.57772732 0.529411765
1674207972.67857075 0.588235294
1674207972.98115492 0.5
1674207973.08208561 0.833333333
1674207973.3846035 0.642857143
1674207973.58635521 0.75
1674207973.88892651 0.538461538
1674207973.98977375 0.692307692
1674207974.29232502 1
1674207974.39323235 0.923076923
1674207974.69578648 1
1674207974.79667282 0.714285714
1674207975.20006895 0.6875
1674207975.30099916 0.647058824
1674207975.60349798 0.588235294
1674207975.8052125 0.8125
1674207976.10780764 0.6875
1674207976.30951977 0.769230769
1674207976.6121099 0.785714286
1674207976.71295738 0.6
1674207977.11640787 0.727272727
1674207977.21724749 0.636363636
1674207977.62073088 0.538461538
1674207977.72157288 0.583333333
1674207978.02414489 0.538461538
1674207978.22587824 0.916666667
1674207978.52844572 0.6
1674207978.73017502 0.769230769
1674207978.93194151 0.818181818
1674207979.13360643 0.5
1674207979.43617511 0.8
1674207979.53703499 0.454545455
1674207979.83965635 0.625
1674207979.94048643 0.375
1674207980.24314618 0.571428571
1674207980.44478941 0.714285714
1674207980.74733829 0.5
1674207980.84819388 0.625
1674207981.15083361 0.625
1674207981.35256529 0.571428571
1674207981.65512633 0.833333333
1674207981.75596476 0.714285714
1674207982.05853987 0.833333333
1674207982.15942693 0.833333333
1674207982.56287479 0.833333333
1674207982.66372538 0.666666667
1674207982.96630287 0.714285714
1674207983.16799283 0.75
1674207983.47061682 0.75
1674207983.57149744 0.75
1674207983.87403703 0.5
1674207983.97491884 0.875
1674207984.27745485 0.666666667
1674207984.47917199 0.625
1674207984.78175545 0.555555556
1674207984.88265133 0.666666667
1674207985.1852212 0.714285714
1674207985.28604984 0.5
1674207985.68954802 0.857142857
1674207985.79037094 0.714285714
1674207986.1937995 0.714285714
1674207986.29488182 0.875
1674207986.59726119 0.777777778
1674207986.69808197 0.75
1674207987.10152864 0.714285714
1674207987.20237303 0.857142857
1674207987.5049746 1
1674207987.70667744 0.875
1674207988.00948334 0.75
1674207988.21097469 0.75
1674207988.51356792 0.666666667
1674207988.61443281 0.666666667
