1674207936.26819897 0.88888888888888884 16 17 17 0 
1674207936.46993303 0.83333333333333337 15 17 16 0 
1674207936.57077694 1 16 16 16 0 
1674207936.77255106 0.9375 15 16 15 0 
1674207936.87338543 1 15 15 15 0 
1674207937.07508922 0.882352941176470562 15 15 17 0 
1674207937.27682304 1.0625 17 17 16 0 
1674207937.37771821 0.9375 15 16 15 0 
1674207937.57941723 0.875 14 15 15 0 
1674207937.68023229 0.72222222222222221 13 15 16 0 
1674207937.88198733 0.789473684210526327 15 16 18 0 
1674207937.98286891 0.94444444444444442 17 18 17 0 
1674207938.18457747 0.789473684210526327 15 17 17 0 
1674207938.38629866 0.736842105263157854 14 17 16 0 
1674207938.48716927 0.736842105263157854 14 16 17 0 
1674207938.68884635 0.736842105263157854 14 17 16 0 
1674207938.78977489 0.941176470588235281 16 16 17 0 
1674207938.99144363 0.77777777777777779 14 17 15 0 
1674207939.09227872 0.823529411764705843 14 15 16 0 
1674207939.2940588 0.941176470588235281 16 16 17 0 
1674207939.39488697 0.83333333333333337 15 17 16 0 
1674207939.59658194 0.789473684210526327 15 16 18 0 
1674207939.79830074 0.809523809523809534 17 18 20 0 
1674207940.00004148 0.857142857142857095 18 20 19 0 
1674207940.10089898 0.849999999999999978 17 19 18 0 
1674207940.30263567 0.681818181818181768 15 18 19 0 
1674207940.50432491 0.782608695652173947 18 19 22 0 
1674207940.70605707 0.839999999999999969 21 22 24 0 
1674207940.80689454 0.839999999999999969 21 24 22 0 
1674207941.00868034 0.826086956521739135 19 22 20 0 
1674207941.21035552 0.800000000000000044 20 20 25 0 
1674207941.41205215 0.77777777777777779 21 25 23 0 
1674207941.61376572 0.7407407407407407 20 23 24 0 
1674207941.81551838 0.880000000000000004 22 24 23 0 
1674207942.01720667 0.826086956521739135 19 23 19 0 
1674207942.21894932 0.782608695652173947 18 19 22 0 
1674207942.42067814 0.875 21 22 23 0 
1674207942.62241411 0.769230769230769273 20 23 23 0 
1674207942.82411027 0.7407407407407407 20 23 24 0 
1674207943.02579975 0.846153846153846145 22 24 24 0 
1674207943.2275219 0.785714285714285698 22 24 26 0 
1674207943.42928696 0.678571428571428603 19 26 21 0 
1674207943.63098812 0.83333333333333337 20 21 23 0 
1674207943.83267498 0.769230769230769273 20 23 23 0 
1674207944.03445649 0.75 21 23 26 0 
1674207944.23614717 0.892857142857142905 25 26 27 0 
1674207944.43787694 0.7931034482758621 23 27 25 0 
1674207944.6395731 0.880000000000000004 22 25 22 0 
1674207944.84139705 0.875 21 22 23 0 
1674207945.04300642 0.839999999999999969 21 23 23 0 
1674207945.24477243 0.875 21 23 22 0 
1674207945.54733849 0.692307692307692291 18 22 22 0 
1674207945.74902678 0.782608695652173947 18 22 19 0 
1674207945.84992099 0.849999999999999978 17 19 18 0 
1674207946.05163622 0.571428571428571397 12 18 15 0 
1674207946.25334072 0.72222222222222221 13 15 16 0 
1674207946.55600023 0.72222222222222221 13 16 15 0 
1674207946.75766373 0.684210526315789491 13 15 17 0 
1674207946.95936966 0.789473684210526327 15 17 17 0 
1674207947.26197243 0.681818181818181768 15 17 20 0 
1674207947.46365666 0.904761904761904767 19 20 20 0 
1674207947.66538477 0.826086956521739135 19 20 22 0 
1674207947.86711192 0.909090909090909061 20 22 20 0 
1674207948.06881714 1 20 20 20 0 
1674207948.37142134 0.800000000000000044 16 20 16 0 
1674207948.57315063 0.77777777777777779 14 16 16 0 
1674207948.77482557 0.764705882352941124 13 16 14 0 
1674207948.97656536 0.66666666666666663 12 14 16 0 
1674207949.17827249 0.705882352941176516 12 16 13 0 
1674207949.37996483 0.647058823529411797 11 13 15 0 
1674207949.58171701 0.882352941176470562 15 15 17 0 
1674207949.88431835 0.88888888888888884 16 17 17 0 
1674207950.08602571 0.736842105263157854 14 17 16 0 
1674207950.2877357 0.631578947368421018 12 16 15 0 
1674207950.48941827 0.736842105263157854 14 15 18 0 
1674207950.6911633 0.75 15 18 17 0 
1674207950.89294434 0.764705882352941124 13 17 13 0 
1674207951.09462619 0.66666666666666663 12 13 17 0 
1674207951.39722276 0.66666666666666663 14 17 18 0 
1674207951.59952879 0.650000000000000022 13 18 15 0 
1674207951.80065227 0.699999999999999956 14 15 19 0 
1674207952.00238085 0.699999999999999956 14 19 15 0 
1674207952.30492353 0.650000000000000022 13 15 18 0 
1674207952.50663233 0.849999999999999978 17 18 19 0 
1674207952.70836163 0.772727272727272707 17 19 20 0 
1674207952.91010332 0.58333333333333337 14 20 18 0 
1674207953.21269727 0.894736842105263164 17 18 18 0 
1674207953.41441202 0.849999999999999978 17 18 19 0 
1674207953.61612511 0.772727272727272707 17 19 20 0 
1674207953.81783915 0.652173913043478271 15 20 18 0 
1674207954.12039304 0.681818181818181768 15 18 19 0 
1674207954.32212472 0.809523809523809534 17 19 19 0 
1674207954.52386093 0.800000000000000044 16 19 17 0 
1674207954.82640409 0.761904761904761862 16 17 20 0 
1674207955.02815461 0.761904761904761862 16 20 17 0 
1674207955.22985721 0.84210526315789469 16 17 18 0 
1674207955.53241014 0.849999999999999978 17 18 19 0 
1674207955.7342577 0.809523809523809534 17 19 19 0 
1674207956.03670454 0.83333333333333337 15 19 14 0 
1674207956.23844099 0.77777777777777779 14 14 18 0 
1674207956.54100466 0.684210526315789491 13 18 14 0 
1674207956.74275351 0.8125 13 14 15 0 
1674207957.04532361 0.75 12 15 13 0 
1674207957.24706125 0.733333333333333282 11 13 13 0 
1674207957.44879842 0.733333333333333282 11 13 13 0 
1674207957.7513206 0.6875 11 13 14 0 
1674207958.05398798 0.705882352941176516 12 14 15 0 
1674207958.25568199 0.764705882352941124 13 15 15 0 
1674207958.55826545 0.928571428571428603 13 15 12 0 
1674207958.76000714 0.800000000000000044 12 12 15 0 
1674207959.06249428 0.588235294117647078 10 15 12 0 
1674207959.26426172 0.5625 9 12 13 0 
1674207959.56679487 0.625 10 13 13 0 
1674207959.76853418 0.785714285714285698 11 13 12 0 
1674207960.07109261 0.529411764705882359 9 12 14 0 
1674207960.3736937 0.647058823529411797 11 14 14 0 
1674207960.57540965 0.857142857142857095 12 14 12 0 
1674207960.87798309 0.647058823529411797 11 12 16 0 
1674207961.07971668 0.8125 13 16 13 0 
1674207961.38227415 0.733333333333333282 11 13 13 0 
1674207961.68489599 0.733333333333333282 11 13 13 0 
1674207961.98747015 0.764705882352941124 13 13 17 0 
1674207962.18918443 0.636363636363636354 14 17 19 0 
1674207962.49181509 0.699999999999999956 14 19 15 0 
1674207962.79433727 0.764705882352941124 13 15 15 0 
1674207963.09693718 0.55555555555555558 10 15 13 0 
1674207963.29862642 0.733333333333333282 11 13 13 0 
1674207963.60122299 0.66666666666666663 12 13 17 0 
1674207963.9037776 0.761904761904761862 16 17 20 0 
1674207964.20637131 0.800000000000000044 16 20 16 0 
1674207964.50896835 0.72222222222222221 13 16 15 0 
1674207964.71069431 0.764705882352941124 13 15 15 0 
1674207965.01325178 0.66666666666666663 12 15 15 0 
1674207965.31582689 0.736842105263157854 14 15 18 0 
1674207965.61839008 0.84210526315789469 16 18 17 0 
1674207965.82015681 0.77777777777777779 14 17 15 0 
1674207966.12269521 0.61111111111111116 11 15 14 0 
1674207966.42528152 0.647058823529411797 11 14 14 0 
1674207966.72783279 0.588235294117647078 10 14 13 0 
1674207967.03047538 0.647058823529411797 11 13 15 0 
1674207967.33305359 0.647058823529411797 11 15 13 0 
1674207967.53473425 0.857142857142857095 12 13 13 0 
1674207967.83730268 0.647058823529411797 11 13 15 0 
1674207968.1398797 0.8125 13 15 14 0 
1674207968.44247699 0.578947368421052655 11 14 16 0 
1674207968.7450285 0.684210526315789491 13 16 16 0 
1674207969.04764652 0.61111111111111116 11 16 13 0 
1674207969.2493763 0.733333333333333282 11 13 13 0 
1674207969.55201817 0.764705882352941124 13 13 17 0 
1674207969.8545258 0.705882352941176516 12 17 12 0 
1674207970.15710402 0.714285714285714302 10 12 12 0 
1674207970.45974135 0.599999999999999978 9 12 12 0 
1674207970.76230478 0.83333333333333337 10 12 10 0 
1674207970.96397352 0.75 9 10 11 0 
1674207971.26655436 0.533333333333333326 8 11 12 0 
1674207971.56920671 0.769230769230769273 10 12 11 0 
1674207971.87168002 0.714285714285714302 10 11 13 0 
1674207972.1743052 0.857142857142857095 12 13 13 0 
1674207972.47689867 0.647058823529411797 11 13 15 0 
1674207972.77943325 0.647058823529411797 11 15 13 0 
1674207973.08208561 0.785714285714285698 11 13 12 0 
1674207973.3846035 0.642857142857142905 9 12 11 0 
1674207973.68719101 0.66666666666666663 8 11 9 0 
1674207973.88892651 0.727272727272727293 8 9 10 0 
1674207974.19145417 0.75 9 10 11 0 
1674207974.49406528 0.642857142857142905 9 11 12 0 
1674207974.79667282 0.66666666666666663 10 12 13 0 
1674207975.09920311 0.599999999999999978 9 13 11 0 
1674207975.40180469 0.5625 9 11 14 0 
1674207975.70439243 0.647058823529411797 11 14 14 0 
1674207976.00696707 0.647058823529411797 11 14 14 0 
1674207976.30951977 0.733333333333333282 11 14 12 0 
1674207976.6121099 0.785714285714285698 11 12 13 0 
1674207977.01553822 0.642857142857142905 9 13 10 0 
1674207977.21724749 0.66666666666666663 8 10 10 0 
1674207977.51983047 0.75 9 10 11 0 
1674207977.82242537 0.636363636363636354 7 11 7 0 
1674207978.12500811 0.58333333333333337 7 7 12 0 
1674207978.52844572 0.5 8 12 12 0 
1674207978.83106279 0.83333333333333337 10 12 10 0 
1674207979.13360643 0.900000000000000022 9 10 9 0 
1674207979.43617511 0.800000000000000044 8 9 9 0 
1674207979.63790751 0.55555555555555558 5 9 5 0 
1674207979.94048643 0.428571428571428548 3 5 5 0 
1674207980.24314618 0.571428571428571397 4 5 6 0 
1674207980.54564333 0.66666666666666663 4 6 4 0 
1674207980.84819388 0.375 3 4 7 0 
1674207981.15083361 0.625 5 7 6 0 
1674207981.45341921 0.55555555555555558 5 6 8 0 
1674207981.75596476 0.400000000000000022 4 8 6 0 
1674207981.95770597 0.714285714285714302 5 6 6 0 
1674207982.26025748 0.66666666666666663 4 6 4 0 
1674207982.56287479 0.800000000000000044 4 4 5 0 
1674207982.86544299 0.714285714285714302 5 5 7 0 
1674207983.16799283 0.55555555555555558 5 7 7 0 
1674207983.3697176 0.55555555555555558 5 7 7 0 
1674207983.67237473 0.75 6 7 7 0 
1674207983.97491884 0.75 6 7 7 0 
1674207984.27745485 0.66666666666666663 6 7 8 0 
1674207984.58002496 0.55555555555555558 5 8 6 0 
1674207984.88265133 1 6 6 6 0 
1674207985.08434057 1 6 6 6 0 
1674207985.48774481 0.83333333333333337 5 6 5 0 
1674207985.79037094 0.66666666666666663 4 5 5 0 
1674207986.09295487 0.571428571428571397 4 5 6 0 
1674207986.29488182 0.75 6 6 8 0 
1674207986.59726119 0.77777777777777779 7 8 8 0 
1674207986.89980459 0.599999999999999978 6 8 8 0 
1674207987.30327988 0.875 7 8 7 0 
1674207987.60582685 1 7 7 7 0 
1674207987.9083817 0.599999999999999978 6 7 9 0 
1674207988.21097469 0.699999999999999956 7 9 8 0 
1674207988.51356792 0.66666666666666663 6 8 7 0 
1674207988.61443281 0.66666666666666663 6 7 8 0 
