1674207936.26819897 -0.00610562549 -0.00814580162 9.88131292e-324 0.999999995 0 0 0.000102634272 0 0 0 0.000205268544 -0 0
1674207936.46993303 -0.00561767984 -0.00316250667 1.97626258e-323 1 0 0 -3.12753475e-05 0 0 0 3.1415301 -3.14159265 3.14159265
1674207936.57077694 -0.00668124382 -0.0114189658 2.96439388e-323 0.999999977 0 0 0.000216062734 0 0 0 0.000432125472 -0 0
1674207936.77255106 -0.00963975277 -0.0181225271 3.95252517e-323 0.999999995 0 0 9.76494256e-05 0 0 0 0.000195298851 -0 0
1674207936.87338543 -0.00496322361 -0.00353596514 4.94065646e-323 0.999999959 0 0 0.000287491442 0 0 0 0.000574982892 -0 0
1674207937.07508922 0.00423487835 -0.00433194881 5.92878775e-323 1 0 0 1.49939265e-05 0 0 0 2.99878529e-05 -0 0
1674207937.27682304 0.0427546234 0.0665231635 6.91691904e-323 0.99999445 0 0 0.00333177867 0 0 0 0.00666356967 -0 0
1674207937.37771821 0.0614739184 0.0720375611 7.90505033e-323 0.999996437 0 0 0.00266947682 0 0 0 0.00533895999 -0 0
1674207937.57941723 0.133300361 0.0693132003 8.89318163e-323 0.999996486 0 0 0.002651155 0 0 0 0.0053023162 -0 0
1674207937.68023229 0.2028258 0.0631447745 1.03753786e-322 0.999997196 0 0 0.00236826648 0 0 0 0.00473653739 -0 0
1674207937.88198733 0.312179365 0.0573556323 1.13635099e-322 0.999997287 0 0 0.00232958808 0 0 0 0.00465918037 -0 0
1674207937.98286891 0.382787435 0.0595565775 1.23516411e-322 0.999997554 0 0 0.00221190213 0 0 0 0.00442380788 -0 0
1674207938.18457747 0.513078967 0.0492450244 1.33397724e-322 0.999997707 0 0 0.00214133729 0 0 0 0.00428267786 -0 0
1674207938.38629866 0.653492558 0.0447315107 1.43279037e-322 0.999999404 0 0 0.00109219072 0 0 0 0.00218438187 -0 0
1674207938.48716927 0.728266978 0.0486686477 1.5316035e-322 0.999999897 0 0 0.000454836673 0 0 0 0.000909673377 -0 0
1674207938.68884635 0.905066676 0.03093174 1.63041663e-322 0.999999859 0 0 -0.000531276472 0 0 0 3.1405301 -3.14159265 3.14159265
1674207938.78977489 1.01022627 0.0129345742 1.72922976e-322 0.999999465 0 0 -0.00103413184 0 0 0 3.13952439 -3.14159265 3.14159265
1674207938.99144363 1.2250353 -0.00271384409 1.82804289e-322 0.999998777 0 0 -0.00156384794 0 0 0 3.13846496 -3.14159265 3.14159265
1674207939.09227872 1.34189181 -0.00500127033 1.92685602e-322 0.999998856 0 0 -0.00151245432 0 0 0 3.13856774 -3.14159265 3.14159265
1674207939.2940588 1.59348145 -0.015678868 2.02566915e-322 0.999997997 0 0 -0.00200157887 0 0 0 3.13758949 -3.14159265 3.14159265
1674207939.39488697 1.66193635 0.0656582694 2.12448228e-322 0.99999369 0 0 -0.00355234397 0 0 0 3.13448795 -3.14159265 3.14159265
1674207939.59658194 1.93791292 0.0538116229 2.22329541e-322 0.999988173 0 0 -0.00486342773 0 0 0 3.13186576 -3.14159265 3.14159265
1674207939.79830074 2.23396575 0.0282727478 2.32210854e-322 0.999982772 0 0 -0.00586984457 0 0 0 3.1298529 -3.14159265 3.14159265
1674207940.00004148 2.62494847 0.0114746099 2.3715151e-322 0.999997027 0 0 -0.00243826087 0 0 0 3.13671613 -3.14159265 3.14159265
1674207940.10089898 2.78209832 0.00611224788 2.47032823e-322 0.999998841 0 0 -0.00152274181 0 0 0 3.13854717 -3.14159265 3.14159265
1674207940.30263567 3.04016644 0.103064451 2.56914136e-322 0.999987133 0 0 -0.00507293422 0 0 0 3.13144674 -3.14159265 3.14159265
1674207940.50432491 3.38450275 0.0946725953 2.61854792e-322 0.999979454 0 0 -0.00641031627 0 0 0 3.12877193 -3.14159265 3.14159265
1674207940.70605707 3.74767359 0.0495443868 2.71736105e-322 0.999982475 0 0 -0.00592035878 0 0 0 3.12975187 -3.14159265 3.14159265
1674207940.80689454 3.97253956 0.116858545 2.81617418e-322 0.999988134 0 0 -0.00487147854 0 0 0 3.13184966 -3.14159265 3.14159265
1674207941.00868034 4.3189807 -0.0674247447 2.91498731e-322 0.99999847 0 0 -0.00174934091 0 0 0 3.13809397 -3.14159265 3.14159265
1674207941.21035552 4.70534308 -0.0703650281 3.01380044e-322 0.99999829 0 0 -0.00184958581 0 0 0 3.13789348 -3.14159265 3.14159265
1674207941.41205215 5.1166288 -0.106563223 3.11261357e-322 0.999995984 0 0 -0.00283412222 0 0 0 3.1359244 -3.14159265 3.14159265
1674207941.61376572 5.53503981 -0.130728887 3.2114267e-322 0.999994229 0 0 -0.00339721649 0 0 0 3.13479821 -3.14159265 3.14159265
1674207941.81551838 5.98907686 -0.149062271 3.26083326e-322 0.999992733 0 0 -0.00381232715 0 0 0 3.13396798 -3.14159265 3.14159265
1674207942.01720667 6.45150949 -0.167060454 3.35964639e-322 0.999994685 0 0 -0.00326037202 0 0 0 3.1350719 -3.14159265 3.14159265
1674207942.21894932 6.90719815 -0.209056274 3.40905296e-322 0.999993493 0 0 -0.00360748213 0 0 0 3.13437767 -3.14159265 3.14159265
1674207942.42067814 7.40749287 -0.249511953 3.50786609e-322 0.999989506 0 0 -0.00458123218 0 0 0 3.13243016 -3.14159265 3.14159265
1674207942.62241411 7.80966 -0.325168591 3.60667921e-322 0.999992713 0 0 -0.00381769054 0 0 0 3.13395725 -3.14159265 3.14159265
1674207942.82411027 8.28226657 -0.25936698 3.70549234e-322 0.999979227 0 0 -0.00644555579 0 0 0 3.12870145 -3.14159265 3.14159265
1674207943.02579975 8.7395663 -0.415117916 3.75489891e-322 0.999997416 0 0 -0.00227347232 0 0 0 3.13704571 -3.14159265 3.14159265
1674207943.2275219 9.18962461 -0.347557529 3.80430547e-322 0.999988829 0 0 -0.00472672384 0 0 0 3.13213917 -3.14159265 3.14159265
1674207943.42928696 9.72314699 -0.409799173 3.9031186e-322 0.999984944 0 0 -0.00548749132 0 0 0 3.13061762 -3.14159265 3.14159265
1674207943.63098812 10.1482785 -0.510391459 4.00193173e-322 0.999990978 0 0 -0.00424776054 0 0 0 3.13309711 -3.14159265 3.14159265
1674207943.83267498 10.6584529 -0.538265166 4.10074486e-322 0.99999008 0 0 -0.00445428061 0 0 0 3.13268406 -3.14159265 3.14159265
1674207944.03445649 11.2149115 -0.557005952 4.19955799e-322 0.999994549 0 0 -0.00330170127 0 0 0 3.13498924 -3.14159265 3.14159265
1674207944.23614717 11.7347953 -0.568013955 4.24896455e-322 0.999996634 0 0 -0.00259460239 0 0 0 3.13640344 -3.14159265 3.14159265
1674207944.43787694 12.2701209 -0.521049834 4.29837112e-322 0.99999563 0 0 -0.00295626192 0 0 0 3.13568012 -3.14159265 3.14159265
1674207944.6395731 12.8097093 -0.554360727 4.34777768e-322 0.999996888 0 0 -0.00249483874 0 0 0 3.13660297 -3.14159265 3.14159265
1674207944.84139705 13.3493651 -0.572301117 4.44659081e-322 0.999999421 0 0 -0.00107615702 0 0 0 3.13944034 -3.14159265 3.14159265
1674207945.04300642 13.9017245 -0.585291184 4.54540394e-322 0.999999133 0 0 -0.00131675882 0 0 0 3.13895914 -3.14159265 3.14159265
1674207945.24477243 14.4749345 -0.595055873 4.64421707e-322 0.999999409 0 0 -0.00108739494 0 0 0 3.13941786 -3.14159265 3.14159265
1674207945.54733849 15.3283596 -0.636924707 4.69362364e-322 0.999999893 0 0 0.000463397399 0 0 0 0.000926794832 -0 0
1674207945.74902678 15.9175531 -0.692532992 4.7430302e-322 0.999999983 0 0 -0.000184032475 0 0 0 3.14122459 -3.14159265 3.14159265
1674207945.84992099 16.2064095 -0.883520078 4.84184333e-322 0.999996942 0 0 0.00247298824 0 0 0 0.00494598153 -0 0
1674207946.05163622 16.7985256 -0.653019597 4.99006302e-322 0.99998628 0 0 -0.00523839543 0 0 0 3.13111581 -3.14159265 3.14159265
1674207946.25334072 17.3576765 -0.671514257 5.13828272e-322 0.999980914 0 0 -0.00617826435 0 0 0 3.12923605 -3.14159265 3.14159265
1674207946.55600023 18.2564199 -0.441218454 5.28650241e-322 0.999944317 0 0 -0.0105528944 0 0 0 3.12048647 -3.14159265 3.14159265
1674207946.75766373 18.8496233 -0.468691815 5.4347221e-322 0.999959818 0 0 -0.00896449797 0 0 0 3.12366342 -3.14159265 3.14159265
1674207946.95936966 19.4493507 -0.503247926 5.53353523e-322 0.999967401 0 0 -0.00807442737 0 0 0 3.12544362 -3.14159265 3.14159265
1674207947.26197243 20.3483319 -0.552487426 5.63234836e-322 0.99998231 0 0 -0.00594810221 0 0 0 3.12969638 -3.14159265 3.14159265
1674207947.46365666 20.9621896 -0.553869697 5.73116149e-322 0.999993298 0 0 -0.00366117421 0 0 0 3.13427029 -3.14159265 3.14159265
1674207947.66538477 21.5932227 -0.540348785 5.82997462e-322 0.999999375 0 0 -0.00111845289 0 0 0 3.13935575 -3.14159265 3.14159265
1674207947.86711192 22.218798 -0.454349829 5.92878775e-322 0.999998351 0 0 -0.00181602614 0 0 0 3.1379606 -3.14159265 3.14159265
1674207948.06881714 22.8616245 -0.485846542 6.02760088e-322 0.999998855 0 0 -0.00151334245 0 0 0 3.13856597 -3.14159265 3.14159265
1674207948.37142134 23.7677257 -0.526527066 6.12641401e-322 0.999999795 0 0 -0.000639688014 0 0 0 3.14031328 -3.14159265 3.14159265
1674207948.57315063 24.4061054 -0.557162394 6.22522714e-322 0.99999949 0 0 0.00100987027 0 0 0 0.00201974089 -0 0
1674207948.77482557 25.0443589 -0.623756656 6.37344683e-322 0.999999012 0 0 0.00140590438 0 0 0 0.00281180969 -0 0
1674207948.97656536 25.7108138 -0.65501108 6.52166653e-322 0.999999428 0 0 0.00106954604 0 0 0 0.00213909249 -0 0
1674207949.17827249 26.2246021 -0.639394198 6.66988622e-322 0.999997678 0 0 -0.00215516006 0 0 0 3.13728233 -3.14159265 3.14159265
1674207949.37996483 26.8805048 -0.633576378 6.81810591e-322 0.999995486 0 0 -0.00300467144 0 0 0 3.1355833 -3.14159265 3.14159265
1674207949.58171701 27.5437601 -0.654932164 6.91691904e-322 0.999997116 0 0 -0.0024016326 0 0 0 3.13678938 -3.14159265 3.14159265
1674207949.88431835 28.5575654 -0.72240193 7.01573217e-322 0.999997477 0 0 -0.00224615686 0 0 0 3.13710034 -3.14159265 3.14159265
1674207950.08602571 29.2211471 -0.779133067 7.1145453e-322 0.999997982 0 0 -0.00200875646 0 0 0 3.13757514 -3.14159265 3.14159265
1674207950.2877357 29.9148737 -0.794116147 7.26276499e-322 0.999998109 0 0 -0.00194487076 0 0 0 3.13770291 -3.14159265 3.14159265
1674207950.48941827 30.5915784 -0.821113387 7.36157812e-322 0.999999522 0 0 -0.000977627479 0 0 0 3.1396374 -3.14159265 3.14159265
1674207950.6911633 31.2812539 -0.83675236 7.46039125e-322 0.999999964 0 0 0.000269225119 0 0 0 0.000538450245 -0 0
1674207950.89294434 31.8667683 -0.800453485 7.60861095e-322 0.999983317 0 0 0.00577626714 0 0 0 0.0115525985 -0 0
1674207951.09462619 32.5436932 -0.848955079 7.75683064e-322 0.999978639 0 0 0.00653619273 0 0 0 0.0130724785 -0 0
1674207951.39722276 33.5606618 -0.926618156 7.85564377e-322 0.999974496 0 0 0.00714194999 0 0 0 0.0142840214 -0 0
1674207951.59952879 34.2339834 -0.963447977 8.00386346e-322 0.999972742 0 0 0.00738346838 0 0 0 0.0147670709 -0 0
1674207951.80065227 34.8964894 -0.986521191 8.10267659e-322 0.999971446 0 0 0.00755698087 0 0 0 0.0151141056 -0 0
1674207952.00238085 35.6544898 -0.997761755 8.20148972e-322 0.999975164 0 0 0.00704778197 0 0 0 0.0140956806 -0 0
1674207952.30492353 36.5272599 -1.12348751 8.34970941e-322 0.999961727 0 0 0.00874895813 0 0 0 0.0174981395 -0 0
1674207952.50663233 37.194685 -1.14587862 8.44852254e-322 0.99995356 0 0 0.00963733305 0 0 0 0.0192749645 -0 0
1674207952.70836163 37.7179934 -1.15161264 8.54733567e-322 0.999972245 0 0 0.00745044159 0 0 0 0.014901021 -0 0
1674207952.91010332 38.3329282 -1.3562342 8.6461488e-322 0.999966015 0 0 0.00824435408 0 0 0 0.0164888949 -0 0
1674207953.21269727 39.1169892 -1.42638314 8.74496193e-322 0.999974748 0 0 0.00710654177 0 0 0 0.0142132032 -0 0
1674207953.41441202 39.80237 -1.47004295 8.84377506e-322 0.99996735 0 0 0.00808073692 0 0 0 0.0161616497 -0 0
1674207953.61612511 40.4804886 -1.5259397 8.94258819e-322 0.999955824 0 0 0.00939943574 0 0 0 0.0187991483 -0 0
1674207953.81783915 41.2457273 -1.55169554 9.04140132e-322 0.999958648 0 0 0.00909412073 0 0 0 0.0181884922 -0 0
1674207954.12039304 42.2957882 -1.62546944 9.14021445e-322 0.999929934 0 0 0.011837565 0 0 0 0.0236756829 -0 0
1674207954.32212472 43.0219737 -1.65668861 9.23902758e-322 0.999902391 0 0 0.0139717226 0 0 0 0.0279443544 -0 0
1674207954.52386093 43.7453377 -1.69938521 9.33784071e-322 0.999881066 0 0 0.0154225316 0 0 0 0.030846286 -0 0
1674207954.82640409 44.63087 -1.79159829 9.43665384e-322 0.999854898 0 0 0.0170347601 0 0 0 0.0340711682 -0 0
1674207955.02815461 45.3762089 -1.80463978 9.53546696e-322 0.999802445 0 0 0.0198763778 0 0 0 0.0397553735 -0 0
1674207955.22985721 46.10375 -1.83111721 9.63428009e-322 0.999725337 0 0 0.0234360859 0 0 0 0.0468764636 -0 0
1674207955.53241014 47.0571845 -1.88733405 9.73309322e-322 0.999718012 0 0 0.0237464926 0 0 0 0.0474974499 -0 0
1674207955.7342577 47.8326832 -1.91778697 9.83190635e-322 0.999647683 0 0 0.0265426054 0 0 0 0.0530914459 -0 0
1674207956.03670454 48.8875507 -1.82224114 9.93071948e-322 0.999533822 0 0 0.0305309506 0 0 0 0.0610713916 -0 0
1674207956.23844099 49.658332 -1.85703717 1.00295326e-321 0.999444791 0 0 0.0333183184 0 0 0 0.066648972 -0 0
1674207956.54100466 50.7432541 -1.85780621 1.01777523e-321 0.999407705 0 0 0.0344127905 0 0 0 0.0688391726 -0 0
1674207956.74275351 51.4640918 -1.85907331 1.0325972e-321 0.999362651 0 0 0.0356972298 0 0 0 0.0714096312 -0 0
1674207957.04532361 52.583051 -1.94415557 1.04741917e-321 0.999237261 0 0 0.039049919 0 0 0 0.0781197006 -0 0
1674207957.24706125 53.3419757 -2.02316771 1.06224114e-321 0.999267543 0 0 0.0382671868 0 0 0 0.0765530651 -0 0
1674207957.44879842 54.1440872 -2.04703899 1.07706311e-321 0.999317956 0 0 0.0369272762 0 0 0 0.0738713477 -0 0
1674207957.7513206 55.2946893 -2.0538797 1.09188508e-321 0.999155327 0 0 0.041092965 0 0 0 0.0822090779 -0 0
1674207958.05398798 56.4459829 -2.12069132 1.10670705e-321 0.999003877 0 0 0.0446234597 0 0 0 0.0892765648 -0 0
1674207958.25568199 57.2310966 -2.1697866 1.12152902e-321 0.998961236 0 0 0.045568059 0 0 0 0.0911676875 -0 0
1674207958.55826545 58.5091918 -2.16402204 1.13635099e-321 0.998827112 0 0 0.0484190019 0 0 0 0.0968758815 -0 0
1674207958.76000714 59.2798677 -2.18063742 1.15117295e-321 0.998693624 0 0 0.0510983801 0 0 0 0.102241286 -0 0
1674207959.06249428 60.5331688 -2.22191556 1.17093558e-321 0.9987175 0 0 0.0506295832 0 0 0 0.101302477 -0 0
1674207959.26426172 61.285664 -2.25684355 1.19069821e-321 0.99866422 0 0 0.0516698625 0 0 0 0.103385763 -0 0
1674207959.56679487 62.492137 -2.30963419 1.21046083e-321 0.998633428 0 0 0.0522616173 0 0 0 0.104570873 -0 0
1674207959.76853418 63.2989602 -2.34710609 1.2252828e-321 0.998654261 0 0 0.0518620033 0 0 0 0.10377056 -0 0
1674207960.07109261 64.5070097 -2.42102199 1.24504543e-321 0.998638181 0 0 0.0521707163 0 0 0 0.104388823 -0 0
1674207960.3736937 65.778682 -2.46954482 1.2598674e-321 0.998683743 0 0 0.0512911424 0 0 0 0.102627317 -0 0
1674207960.57540965 66.6267425 -2.55015316 1.27468937e-321 0.998683937 0 0 0.0512873746 0 0 0 0.102619771 -0 0
1674207960.87798309 67.8393733 -2.59832657 1.28951134e-321 0.998528618 0 0 0.0542272975 0 0 0 0.108507819 -0 0
1674207961.07971668 68.6710586 -2.65507849 1.30433331e-321 0.998530259 0 0 0.0541970629 0 0 0 0.108447261 -0 0
1674207961.38227415 69.9843856 -2.66806956 1.31915527e-321 0.998598052 0 0 0.0529332616 0 0 0 0.105916024 -0 0
1674207961.68489599 71.3133135 -2.69805313 1.33397724e-321 0.998576255 0 0 0.0533428761 0 0 0 0.106736412 -0 0
1674207961.98747015 72.7108057 -2.81598629 1.34879921e-321 0.998703407 0 0 0.0509068203 0 0 0 0.101857667 -0 0
1674207962.18918443 73.5140651 -2.87140692 1.35868053e-321 0.998934172 0 0 0.0461575628 0 0 0 0.092347937 -0 0
1674207962.49181509 74.7826673 -2.95399886 1.36856184e-321 0.999029435 0 0 0.0440475704 0 0 0 0.0881236526 -0 0
1674207962.79433727 76.0434311 -3.02315721 1.38338381e-321 0.999108207 0 0 0.042223116 0 0 0 0.0844713439 -0 0
1674207963.09693718 77.3587673 -3.0913897 1.40314643e-321 0.999222219 0 0 0.0394329349 0 0 0 0.0788863229 -0 0
1674207963.29862642 78.1006488 -3.01198612 1.4179684e-321 0.99941099 0 0 0.0343172402 0 0 0 0.068647959 -0 0
1674207963.60122299 79.2813114 -3.08609536 1.43279037e-321 0.999577153 0 0 0.0290777398 0 0 0 0.058163678 -0 0
1674207963.9037776 80.5065794 -3.10228106 1.44267169e-321 0.999696969 0 0 0.0246164717 0 0 0 0.0492379171 -0 0
1674207964.20637131 81.73622 -3.05561195 1.452553e-321 0.999764067 0 0 0.0217212058 0 0 0 0.0434458284 -0 0
1674207964.50896835 82.9460286 -2.97171328 1.46737497e-321 0.999843585 0 0 0.01768629 0 0 0 0.0353744243 -0 0
1674207964.71069431 83.676043 -2.85507421 1.48219694e-321 0.999923076 0 0 0.0124033035 0 0 0 0.0248072431 -0 0
1674207965.01325178 84.8831297 -2.76724432 1.49701891e-321 0.99998698 0 0 0.00510293906 0 0 0 0.0102059224 -0 0
1674207965.31582689 86.1328424 -2.70357598 1.50690022e-321 0.999997402 0 0 -0.00227945423 0 0 0 3.13703374 -3.14159265 3.14159265
1674207965.61839008 87.3884044 -2.72852453 1.51678153e-321 0.999978612 0 0 -0.00654025275 0 0 0 3.12851205 -3.14159265 3.14159265
1674207965.82015681 88.4918318 -2.92392071 1.52666285e-321 0.99999508 0 0 -0.00313671768 0 0 0 3.13531921 -3.14159265 3.14159265
1674207966.12269521 89.8221492 -2.99724623 1.54148482e-321 0.999989547 0 0 -0.00457230405 0 0 0 3.13244801 -3.14159265 3.14159265
1674207966.42528152 91.1943534 -3.1125668 1.55630678e-321 0.999998318 0 0 -0.00183399488 0 0 0 3.13792466 -3.14159265 3.14159265
1674207966.72783279 92.5878584 -3.22179868 1.57606941e-321 0.999996514 0 0 -0.0026403449 0 0 0 3.13631196 -3.14159265 3.14159265
1674207967.03047538 93.7078276 -3.0847332 1.59089138e-321 0.999990256 0 0 -0.00441453528 0 0 0 3.13276355 -3.14159265 3.14159265
1674207967.33305359 95.0899193 -3.20160708 1.60571335e-321 0.999994156 0 0 -0.0034187071 0 0 0 3.13475523 -3.14159265 3.14159265
1674207967.53473425 95.4836703 -3.36715635 1.62053532e-321 0.99978391 0 0 -0.0207878179 0 0 0 3.10001402 -3.14159265 3.14159265
1674207967.83730268 96.9068152 -3.42858188 1.63535729e-321 0.99988334 0 0 -0.0152743595 0 0 0 3.11104275 -3.14159265 3.14159265
1674207968.1398797 98.2732407 -3.47848222 1.65017926e-321 0.999886563 0 0 -0.0150618818 0 0 0 3.11146775 -3.14159265 3.14159265
1674207968.44247699 99.6427024 -3.48729758 1.66500123e-321 0.999917012 0 0 -0.0128829105 0 0 0 3.11582612 -3.14159265 3.14159265
1674207968.7450285 100.878475 -3.63937117 1.6798232e-321 0.999882975 0 0 -0.0152982455 0 0 0 3.11099497 -3.14159265 3.14159265
1674207969.04764652 102.225328 -3.70096901 1.69464517e-321 0.999893956 0 0 -0.0145628625 0 0 0 3.1124659 -3.14159265 3.14159265
1674207969.2493763 103.066099 -3.7346632 1.70946713e-321 0.999858356 0 0 -0.0168305521 0 0 0 3.10792996 -3.14159265 3.14159265
1674207969.55201817 104.329369 -3.82288428 1.7242891e-321 0.999820698 0 0 -0.0189359989 0 0 0 3.10371839 -3.14159265 3.14159265
1674207969.8545258 105.603609 -3.9211348 1.73911107e-321 0.999779901 0 0 -0.020979732 0 0 0 3.09963011 -3.14159265 3.14159265
1674207970.15710402 106.849443 -4.00672122 1.7588737e-321 0.99967599 0 0 -0.0254541921 0 0 0 3.09067877 -3.14159265 3.14159265
1674207970.45974135 108.104208 -4.12154447 1.77863633e-321 0.999618927 0 0 -0.0276043658 0 0 0 3.08637691 -3.14159265 3.14159265
1674207970.76230478 109.343185 -4.20246836 1.79839895e-321 0.999523843 0 0 -0.0308558955 0 0 0 3.07987107 -3.14159265 3.14159265
1674207970.96397352 110.197744 -4.23118188 1.81816158e-321 0.999456196 0 0 -0.0329744104 0 0 0 3.07563188 -3.14159265 3.14159265
1674207971.26655436 111.421193 -4.32542201 1.8379242e-321 0.999378319 0 0 -0.0352558475 0 0 0 3.07106634 -3.14159265 3.14159265
1674207971.56920671 112.521912 -4.48646952 1.85768683e-321 0.999419905 0 0 -0.0340566086 0 0 0 3.07346626 -3.14159265 3.14159265
1674207971.87168002 113.728103 -4.56453402 1.87744945e-321 0.99934809 0 0 -0.0361025545 0 0 0 3.06937185 -3.14159265 3.14159265
1674207972.1743052 114.860298 -4.80542026 1.89227142e-321 0.999171036 0 0 -0.0407092346 0 0 0 3.06015168 -3.14159265 3.14159265
1674207972.47689867 116.087188 -4.89865853 1.90709339e-321 0.999138805 0 0 -0.0414927587 0 0 0 3.05858331 -3.14159265 3.14159265
1674207972.77943325 117.317565 -5.00169133 1.92191536e-321 0.998989987 0 0 -0.0449333412 0 0 0 3.0516957 -3.14159265 3.14159265
1674207973.08208561 118.52289 -5.11947247 1.93673733e-321 0.998940297 0 0 -0.0460248022 0 0 0 3.04951052 -3.14159265 3.14159265
1674207973.3846035 119.748606 -5.19588555 1.95649996e-321 0.998987487 0 0 -0.0449889037 0 0 0 3.05158447 -3.14159265 3.14159265
1674207973.68719101 120.963462 -5.28843903 1.97626258e-321 0.999191891 0 0 -0.0401940833 0 0 0 3.06118283 -3.14159265 3.14159265
1674207973.88892651 121.78978 -5.33480535 1.99602521e-321 0.999308604 0 0 -0.0371794775 0 0 0 3.06721656 -3.14159265 3.14159265
1674207974.19145417 122.995646 -5.38301211 2.01578784e-321 0.999562795 0 0 -0.0295672062 0 0 0 3.08244962 -3.14159265 3.14159265
1674207974.49406528 124.179861 -5.41351263 2.03555046e-321 0.999809329 0 0 -0.0195270647 0 0 0 3.10253604 -3.14159265 3.14159265
1674207974.79667282 125.359667 -5.44705088 2.05531309e-321 0.999904623 0 0 -0.0138110448 0 0 0 3.11396969 -3.14159265 3.14159265
1674207975.09920311 126.577581 -5.49452452 2.07507571e-321 0.999945425 0 0 -0.0104473147 0 0 0 3.12069764 -3.14159265 3.14159265
1674207975.40180469 127.768902 -5.56688587 2.09483834e-321 0.999952646 0 0 -0.00973170113 0 0 0 3.12212894 -3.14159265 3.14159265
1674207975.70439243 128.94573 -5.65319039 2.10966031e-321 0.999967607 0 0 -0.00804887835 0 0 0 3.12549472 -3.14159265 3.14159265
1674207976.00696707 130.083392 -5.68983076 2.12448228e-321 0.9999886 0 0 -0.00477498174 0 0 0 3.13204265 -3.14159265 3.14159265
1674207976.30951977 130.766329 -6.00570384 2.13930425e-321 0.999975506 0 0 0.00699913734 0 0 0 0.013998389 -0 0
1674207976.6121099 131.725907 -6.05560701 2.15412622e-321 0.999946112 0 0 0.010381425 0 0 0 0.020763223 -0 0
1674207977.01553822 132.957343 -6.11775743 2.17388884e-321 0.999964605 0 0 0.00841363812 0 0 0 0.0168274748 -0 0
1674207977.21724749 133.51601 -6.1732986 2.19365147e-321 0.999978895 0 0 0.0064969613 0 0 0 0.012994014 -0 0
1674207977.51983047 134.330284 -6.24414895 2.21341409e-321 0.999987022 0 0 0.0050947638 0 0 0 0.0101895717 -0 0
1674207977.82242537 135.113167 -6.30845743 2.23811738e-321 0.999993202 0 0 0.00368727542 0 0 0 0.00737456756 -0 0
1674207978.12500811 135.829674 -6.38312616 2.26282066e-321 0.999997678 0 0 0.00215518108 0 0 0 0.0043103655 -0 0
1674207978.52844572 136.690588 -6.4749597 2.28258328e-321 0.99999983 0 0 -0.000582852628 0 0 0 3.14042695 -3.14159265 3.14159265
1674207978.83106279 137.29885 -6.57099485 2.30234591e-321 0.999996884 0 0 -0.0024963452 0 0 0 3.13659996 -3.14159265 3.14159265
1674207979.13360643 137.916999 -6.6242025 2.32210854e-321 0.999984812 0 0 -0.00551148871 0 0 0 3.13056962 -3.14159265 3.14159265
1674207979.43617511 138.490281 -6.66083176 2.34187116e-321 0.999971409 0 0 -0.00756177504 0 0 0 3.12646896 -3.14159265 3.14159265
1674207979.63790751 138.865975 -6.69859453 2.3715151e-321 0.999970968 0 0 -0.00761992248 0 0 0 3.12635266 -3.14159265 3.14159265
1674207979.94048643 139.326099 -6.81090599 2.42586232e-321 0.999973102 0 0 -0.00733447068 0 0 0 3.12692358 -3.14159265 3.14159265
1674207980.24314618 139.792296 -6.82707062 2.46538757e-321 0.999962275 0 0 -0.00868608778 0 0 0 3.12422026 -3.14159265 3.14159265
1674207980.54564333 140.152106 -6.85710985 2.50491282e-321 0.999964769 0 0 -0.00839411378 0 0 0 3.12480423 -3.14159265 3.14159265
1674207980.84819388 140.490448 -6.88748529 2.55926005e-321 0.99996263 0 0 -0.00864512108 0 0 0 3.1243022 -3.14159265 3.14159265
1674207981.15083361 140.807367 -6.8710617 2.58890398e-321 0.999974054 0 0 -0.00720362816 0 0 0 3.12718527 -3.14159265 3.14159265
1674207981.45341921 141.082897 -6.84917994 2.61854792e-321 0.99999015 0 0 -0.00443840858 0 0 0 3.13271581 -3.14159265 3.14159265
1674207981.75596476 141.341364 -6.86283861 2.65807317e-321 0.999995571 0 0 -0.00297616986 0 0 0 3.13564031 -3.14159265 3.14159265
1674207981.95770597 141.560395 -6.86200457 2.68771711e-321 0.99999941 0 0 -0.00108647357 0 0 0 3.13941971 -3.14159265 3.14159265
1674207982.26025748 141.857778 -6.86640596 2.72724237e-321 0.999996173 0 0 0.00276653595 0 0 0 0.00553307896 -0 0
1674207982.56287479 142.122148 -6.86089568 2.76676762e-321 0.999988157 0 0 0.00486681374 0 0 0 0.00973366591 -0 0
1674207982.86544299 142.359344 -6.87065528 2.79641156e-321 0.999983196 0 0 0.00579718862 0 0 0 0.0115944422 -0 0
1674207983.16799283 142.55072 -6.89527079 2.82605549e-321 0.999973983 0 0 0.00721343019 0 0 0 0.0144269855 -0 0
1674207983.3697176 142.698711 -6.90734681 2.85569943e-321 0.999960819 0 0 0.00885218001 0 0 0 0.0177045912 -0 0
1674207983.67237473 142.853931 -6.87895217 2.88040272e-321 0.999953911 0 0 0.00960081161 0 0 0 0.0192019182 -0 0
1674207983.97491884 142.968897 -6.90089879 2.905106e-321 0.999940474 0 0 0.0109109717 0 0 0 0.0218223764 -0 0
1674207984.27745485 143.076617 -6.8939865 2.92980928e-321 0.999943516 0 0 0.0106284858 0 0 0 0.0212573719 -0 0
1674207984.58002496 143.173014 -6.91479337 2.95945322e-321 0.999924427 0 0 0.012293949 0 0 0 0.0245885174 -0 0
1674207984.88265133 143.244497 -6.92014623 2.9841565e-321 0.999914851 0 0 0.0130495804 0 0 0 0.0260999016 -0 0
1674207985.08434057 143.282301 -6.92222853 3.00885978e-321 0.999905011 0 0 0.0137829279 0 0 0 0.0275667286 -0 0
1674207985.48774481 143.314644 -6.92129858 3.03850372e-321 0.999924272 0 0 0.0123064789 0 0 0 0.0246135791 -0 0
1674207985.79037094 143.370679 -6.9189016 3.07802897e-321 0.999921654 0 0 0.0125173964 0 0 0 0.0250354466 -0 0
1674207986.09295487 143.387241 -6.92829537 3.11755423e-321 0.99992115 0 0 0.012557651 0 0 0 0.025115962 -0 0
1674207986.29488182 143.396165 -6.91514079 3.14225751e-321 0.999919338 0 0 0.0127010643 0 0 0 0.0254028116 -0 0
1674207986.59726119 143.435218 -6.9015588 3.16696079e-321 0.99991269 0 0 0.0132141341 0 0 0 0.0264290373 -0 0
1674207986.89980459 143.440014 -6.88696066 3.19166407e-321 0.999919714 0 0 0.0126714694 0 0 0 0.0253436171 -0 0
1674207987.30327988 143.4448 -6.91118908 3.21636735e-321 0.999915022 0 0 0.0130364402 0 0 0 0.0260736189 -0 0
1674207987.60582685 143.4368 -6.90434722 3.24107064e-321 0.999917813 0 0 0.0128205936 0 0 0 0.0256418896 -0 0
1674207987.9083817 143.441328 -6.89940799 3.26577392e-321 0.999914997 0 0 0.013038379 0 0 0 0.0260774968 -0 0
1674207988.21097469 143.638238 -6.95302583 3.2904772e-321 0.999847745 0 0 0.0174495404 0 0 0 0.034900852 -0 0
1674207988.51356792 143.72365 -6.95613832 3.31518048e-321 0.999832182 0 0 0.0183196015 0 0 0 0.0366412527 -0 0
1674207988.61443281 143.766188 -6.96981711 3.33988377e-321 0.999833338 0 0 0.0182563997 0 0 0 0.036514828 -0 0
