1674207936.26819897 0.00610562549 0.00814580162 -9.88131292e-324 0.999999995 0 0 -0.000102634272 0 0 0 3.14138739 -3.14159265 3.14159265
1674207936.46993303 -0.000487945652 -0.00498329495 -9.88131292e-324 0.999999991 0 0 0.000133909619 0 0 0 0.000267819238 -0 0
1674207936.57077694 0.00106356398 0.00825645914 -9.88131292e-324 0.999999969 0 0 -0.000247338081 0 0 0 3.14109798 -3.14159265 3.14159265
1674207936.77255106 0.00295850895 0.0067035613 -9.88131292e-324 0.999999993 0 0 0.00011841331 0 0 0 0.00023682662 -0 0
1674207936.87338543 -0.00467652916 -0.014586562 -9.88131292e-324 0.999999982 0 0 -0.000189842019 0 0 0 3.14121297 -3.14159265 3.14159265
1674207937.07508922 -0.00919810196 0.000795983669 -9.88131292e-324 0.999999963 0 0 0.000272497516 0 0 0 0.00054499504 -0 0
1674207937.27682304 -0.0385197451 -0.0708551123 -9.88131292e-324 0.999994499 0 0 -0.00331678483 0 0 0 3.13495907 -3.14159265 3.14159265
1674207937.37771821 -0.0187192949 -0.0055143976 -9.88131292e-324 0.999999781 0 0 0.000662304795 0 0 0 0.00132460969 -0 0
1674207937.57941723 -0.0718264428 0.00272436084 -9.88131292e-324 1 0 0 1.83218912e-05 0 0 0 3.66437825e-05 -0 0
1674207937.68023229 -0.0695254384 0.00616842577 -1.48219694e-323 0.99999996 0 0 0.000282889402 0 0 0 0.000565778813 -0 0
1674207937.88198733 -0.109353565 0.00578914217 -9.88131292e-324 0.999999999 0 0 3.86785122e-05 0 0 0 7.73570244e-05 -0 0
1674207938.08371115 -0.133730227 0.00976061156 -9.88131292e-324 0.999999989 0 0 0.00015083574 0 0 0 0.000301671481 -0 0
1674207938.18457747 -0.068168334 -0.0015104888 -9.88131292e-324 0.999999998 0 0 5.87643797e-05 0 0 0 0.000117528759 -0 0
1674207938.38629866 -0.140413591 0.00451351374 -9.88131292e-324 0.99999945 0 0 0.0010491478 0 0 0 0.00209829599 -0 0
1674207938.48716927 -0.07477442 -0.00393713702 -9.88131292e-324 0.999999797 0 0 0.000637354202 0 0 0 0.00127470849 -0 0
1674207938.68884635 -0.176799698 0.0177369077 -9.88131292e-324 0.999999514 0 0 0.000986113025 0 0 0 0.00197222637 -0 0
1674207938.78977489 -0.105159593 0.0179971658 -9.88131292e-324 0.999999874 0 0 0.000502855511 0 0 0 0.00100571106 -0 0
1674207938.99144363 -0.21480903 0.0156484183 -9.88131292e-324 0.99999986 0 0 0.000529716521 0 0 0 0.00105943309 -0 0
1674207939.09227872 -0.116856509 0.00228742624 -9.88131292e-324 0.999999999 0 0 -5.13936823e-05 0 0 0 3.14148987 -3.14159265 3.14159265
1674207939.2940588 -0.251589646 0.0106775977 -9.88131292e-324 0.99999988 0 0 0.000489125297 0 0 0 0.000978250634 -0 0
1674207939.39488697 -0.0684548947 -0.0813371374 -9.88131292e-324 0.999998798 0 0 0.00155077061 0 0 0 0.00310154247 -0 0
1674207939.59658194 -0.275976576 0.0118466464 -9.88131292e-324 0.999999141 0 0 0.00131109508 0 0 0 0.00262219092 -0 0
1674207939.79830074 -0.29605283 0.0255388751 -9.88131292e-324 0.999999494 0 0 0.00100643121 0 0 0 0.00201286276 -0 0
1674207939.89919138 -0.220231847 0.0769598584 -9.88131292e-324 0.999998781 0 0 -0.0015615327 0 0 0 3.13846959 -3.14159265 3.14159265
1674207940.10089898 -0.329711534 -0.0802650418 -9.88131292e-324 0.999994867 0 0 -0.00320392138 0 0 0 3.1351848 -3.14159265 3.14159265
1674207940.20173955 -0.164274315 0.0139465785 -9.88131292e-324 0.999999983 0 0 0.000185552311 0 0 0 0.000371104624 -0 0
1674207940.40346527 -0.344415031 -0.0817132517 -9.88131292e-324 0.999999965 0 0 -0.000264873312 0 0 0 3.14106291 -3.14159265 3.14159265
1674207940.60520697 -0.373214103 0.047056634 -9.88131292e-324 0.999999969 0 0 0.000248480632 0 0 0 0.00049696127 -0 0
1674207940.80689454 -0.390330383 0.0130427516 -9.88131292e-324 0.999999923 0 0 -0.000392320623 0 0 0 3.14080801 -3.14159265 3.14159265
1674207940.9077971 -0.188134282 0.0258218853 -4.94065646e-324 0.99999988 0 0 0.000489807458 0 0 0 0.000979614956 -0 0
1674207941.10951853 -0.291102462 0.0475940172 -9.88131292e-324 0.999999695 0 0 -0.000780922875 0 0 0 3.14003081 -3.14159265 3.14159265
1674207941.31119704 -0.421376854 0.0268613785 -4.94065646e-324 0.999999986 0 0 0.000169781099 0 0 0 0.0003395622 -0 0
1674207941.51293421 -0.444990609 0.11571532 -9.88131292e-324 0.999999244 0 0 -0.00122968384 0 0 0 3.13913329 -3.14159265 3.14159265
1674207941.61376572 -0.223902088 0.0123946834 -9.88131292e-324 0.99999999 0 0 -0.000142625341 0 0 0 3.1413074 -3.14159265 3.14159265
1674207941.81551838 -0.453204965 0.0186845571 -4.94065646e-324 0.999999904 0 0 0.000438635953 0 0 0 0.000877271934 -0 0
1674207942.01720667 -0.463431722 0.0175517938 -4.94065646e-324 0.999999831 0 0 -0.000582126681 0 0 0 3.1404284 -3.14159265 3.14159265
1674207942.21894932 -0.455688661 0.0419958201 -9.88131292e-324 0.99999994 0 0 0.000347112152 0 0 0 0.000694224318 -0 0
1674207942.42067814 -0.500294715 0.0404556789 -4.94065646e-324 0.999999526 0 0 0.000973758096 0 0 0 0.0019475165 -0 0
1674207942.62241411 -0.402167131 0.0756566373 -9.88131292e-324 0.999999708 0 0 -0.000763548316 0 0 0 3.14006556 -3.14159265 3.14159265
1674207942.82411027 -0.472606574 -0.0658016107 -9.88131292e-324 0.999996547 0 0 0.00262789759 0 0 0 0.00525580122 -0 0
1674207943.02579975 -0.457299727 0.155750936 -4.94065646e-324 0.999991297 0 0 -0.00417211404 0 0 0 3.1332484 -3.14159265 3.14159265
1674207943.2275219 -0.450058306 -0.0675603866 -4.94065646e-324 0.999996991 0 0 0.0024532647 0 0 0 0.00490653432 -0 0
1674207943.42928696 -0.533522385 0.0622416436 -4.94065646e-324 0.999999711 0 0 0.000760777342 0 0 0 0.00152155483 -0 0
1674207943.63098812 -0.425131495 0.100592314 -9.88131292e-324 0.999999232 0 0 -0.00123974554 0 0 0 3.13911316 -3.14159265 3.14159265
1674207943.83267498 -0.510174399 0.0278736785 -9.88131292e-324 0.999999979 0 0 0.000206522363 0 0 0 0.000413044729 -0 0
1674207944.03445649 -0.556458632 0.0187407592 -4.94065646e-324 0.999999336 0 0 -0.00115258743 0 0 0 3.13928748 -3.14159265 3.14159265
1674207944.23614717 -0.519883814 0.0110080242 -9.88131292e-324 0.99999975 0 0 -0.000707102185 0 0 0 3.14017845 -3.14159265 3.14159265
1674207944.43787694 -0.535356706 -0.0470007127 -9.88131292e-324 0.999999935 0 0 0.000361645408 0 0 0 0.000723290832 -0 0
1674207944.74046421 -0.809544575 0.0462628876 -4.94065646e-324 0.999999468 0 0 -0.00103128237 0 0 0 3.13953009 -3.14159265 3.14159265
1674207944.94220519 -0.526633949 0.0015708103 -4.94065646e-324 0.999999661 0 0 -0.000823532306 0 0 0 3.13994559 -3.14159265 3.14159265
1674207945.14386034 -0.57945269 0.0258726398 -9.88131292e-324 0.999999982 0 0 -0.000191664747 0 0 0 3.14120932 -3.14159265 3.14159265
1674207945.34560704 -0.584195372 0.0136504996 -9.88131292e-324 0.999999501 0 0 -0.000998924649 0 0 0 3.1395948 -3.14159265 3.14159265
1674207945.54733849 -0.558771706 0.0262262197 -9.88131292e-324 0.999999855 0 0 -0.000538306247 0 0 0 3.14051604 -3.14159265 3.14159265
1674207945.74902678 -0.590531124 0.0574344032 -9.88131292e-324 0.999999814 0 0 0.000610606851 0 0 0 0.00122121378 -0 0
1674207945.9508357 -0.584155578 0.272130722 -1.48219694e-323 0.999989775 0 0 -0.00452220356 0 0 0 3.13254822 -3.14159265 3.14159265
1674207946.15256691 -0.605437153 0.0410035627 -1.48219694e-323 0.999999996 0 0 8.59642996e-05 0 0 0 0.000171928599 -0 0
1674207946.35422206 -0.593167713 0.0272776359 -1.48219694e-323 0.999999847 0 0 -0.000553807523 0 0 0 3.14048504 -3.14159265 3.14159265
1674207946.65679479 -0.905630892 0.0265023544 -9.88131292e-324 0.999997813 0 0 -0.00209151115 0 0 0 3.13740963 -3.14159265 3.14159265
1674207946.75766373 -0.295539382 0.011314813 -9.88131292e-324 0.999999758 0 0 -0.000695178489 0 0 0 3.1402023 -3.14159265 3.14159265
1674207946.95936966 -0.599727334 0.0345561054 -9.88131292e-324 0.999999604 0 0 -0.000890102211 0 0 0 3.13981245 -3.14159265 3.14159265
1674207947.26197243 -0.89532311 0.0505433724 -9.88131292e-324 0.999997834 0 0 -0.00208144477 0 0 0 3.13742976 -3.14159265 3.14159265
1674207947.46365666 -0.614962743 0.000103906781 -4.94065646e-324 0.999997401 0 0 -0.00227973316 0 0 0 3.13703318 -3.14159265 3.14159265
1674207947.66538477 -0.631033152 -0.0135210078 -4.94065646e-324 0.999996767 0 0 -0.0025427275 0 0 0 3.13650719 -3.14159265 3.14159265
1674207947.86711192 -0.626393843 -0.0849504096 -9.88131292e-324 0.999999761 0 0 0.000691285789 0 0 0 0.00138257169 -0 0
1674207948.16973758 -0.93392537 0.0369690744 -9.88131292e-324 0.999999998 0 0 -6.99648368e-05 0 0 0 3.14145272 -3.14159265 3.14159265
1674207948.37142134 -0.530938195 -0.0539683074 -9.88131292e-324 0.999994748 0 0 -0.00324111012 0 0 0 3.13511042 -3.14159265 3.14159265
1674207948.57315063 -0.638379719 0.0306353276 -9.88131292e-324 0.999998639 0 0 -0.00164955775 0 0 0 3.13829354 -3.14159265 3.14159265
1674207948.77482557 -0.638253445 0.0665942617 -1.48219694e-323 0.999999922 0 0 -0.000396034393 0 0 0 3.14080058 -3.14159265 3.14159265
1674207948.97656536 -0.666454987 0.0312544245 -9.88131292e-324 0.999999943 0 0 0.000336358594 0 0 0 0.000672717201 -0 0
1674207949.27915144 -0.833730395 -0.0280693994 -1.48219694e-323 0.999988251 0 0 0.00484755594 0 0 0 0.00969514985 -0 0
1674207949.48086739 -0.651622496 0.00603941246 -1.48219694e-323 0.999999996 0 0 -9.26959501e-05 0 0 0 3.14140726 -3.14159265 3.14159265
1674207949.68257046 -0.684288128 0.0369711273 -1.48219694e-323 0.999999957 0 0 -0.000293626293 0 0 0 3.1410054 -3.14159265 3.14159265
1674207949.88431835 -0.676004128 0.0473334489 -1.48219694e-323 0.999999994 0 0 -0.000113098437 0 0 0 3.14136646 -3.14159265 3.14159265
1674207950.08602571 -0.663581722 0.0567311373 -9.88131292e-324 0.999999972 0 0 -0.000237400939 0 0 0 3.14111785 -3.14159265 3.14159265
1674207950.2877357 -0.693726569 0.0149830795 -9.88131292e-324 0.999999998 0 0 -6.38858237e-05 0 0 0 3.14146488 -3.14159265 3.14159265
1674207950.48941827 -0.676704721 0.0269972402 -9.88131292e-324 0.999999532 0 0 -0.000967244198 0 0 0 3.13965816 -3.14159265 3.14159265
1674207950.79203582 -0.925630596 0.0755813481 -9.88131292e-324 0.999998072 0 0 0.00196358599 0 0 0 0.0039271745 -0 0
1674207950.99379086 -0.69137693 0.0455644857 -9.88131292e-324 0.999999505 0 0 -0.000994727187 0 0 0 3.1396032 -3.14159265 3.14159265
1674207951.19553375 -0.6781295 0.0608229167 -9.88131292e-324 0.999999816 0 0 -0.000606192492 0 0 0 3.14038027 -3.14159265 3.14159265
1674207951.39722276 -0.679266003 0.0416842286 -9.88131292e-324 0.999999907 0 0 -0.000431747826 0 0 0 3.14072916 -3.14159265 3.14159265
1674207951.59952879 -0.673321544 0.0368298208 -1.48219694e-323 0.999999971 0 0 -0.000241524761 0 0 0 3.1411096 -3.14159265 3.14159265
1674207951.80065227 -0.662506005 0.0230732144 -9.88131292e-324 0.999999985 0 0 -0.000173517328 0 0 0 3.14124562 -3.14159265 3.14159265
1674207952.10321712 -0.881694464 0.125303471 -9.88131292e-324 0.999998788 0 0 -0.00155670578 0 0 0 3.13847924 -3.14159265 3.14159265
1674207952.30492353 -0.669514288 0.0496847125 -9.88131292e-324 0.999999997 0 0 -7.84902066e-05 0 0 0 3.14143567 -3.14159265 3.14159265
1674207952.50663233 -0.667425125 0.0223911324 -9.88131292e-324 0.999999605 0 0 -0.000888412817 0 0 0 3.13981583 -3.14159265 3.14159265
1674207952.70836163 -0.523308361 0.00573402249 -9.88131292e-324 0.999997609 0 0 0.00218696998 0 0 0 0.00437394345 -0 0
1674207953.0109725 -0.872020386 0.274024616 -9.88131292e-324 0.999993475 0 0 -0.00361234936 0 0 0 3.13436794 -3.14159265 3.14159265
1674207953.21269727 -0.665826773 0.0401381145 -9.88131292e-324 0.999999999 0 0 3.60369828e-05 0 0 0 7.20739656e-05 -0 0
1674207953.41441202 -0.685380837 0.0436598701 -9.88131292e-324 0.999999525 0 0 -0.000974223536 0 0 0 3.13964421 -3.14159265 3.14159265
1674207953.71696377 -1.00701976 0.0818264987 -9.88131292e-324 0.999999117 0 0 -0.00132911627 0 0 0 3.13893442 -3.14159265 3.14159265
1674207953.91868305 -0.677808969 0.0694072229 -9.88131292e-324 0.999999259 0 0 -0.00121696633 0 0 0 3.13915872 -3.14159265 3.14159265
1674207954.12039304 -0.709564117 0.0431519624 -9.88131292e-324 0.999997469 0 0 -0.00224982552 0 0 0 3.137093 -3.14159265 3.14159265
1674207954.42296886 -0.807274365 0.10114606 -9.88131292e-324 0.999999917 0 0 -0.000408230771 0 0 0 3.14077619 -3.14159265 3.14159265
1674207954.62469339 -0.707466912 0.0403130894 -9.88131292e-324 0.999999036 0 0 -0.00138886436 0 0 0 3.13881492 -3.14159265 3.14159265
1674207954.92726207 -1.01443294 0.0708282724 -1.48219694e-323 0.999992153 0 0 -0.00396153301 0 0 0 3.13366957 -3.14159265 3.14159265
1674207955.12896585 -0.739277818 0.0179432624 -9.88131292e-324 0.99999228 0 0 -0.00392934536 0 0 0 3.13373394 -3.14159265 3.14159265
1674207955.33068657 -0.72270227 0.0326178023 -9.88131292e-324 0.999996972 0 0 -0.00246072021 0 0 0 3.13667121 -3.14159265 3.14159265
1674207955.6333375 -0.964202392 0.0372144389 -9.88131292e-324 0.999999665 0 0 -0.000818538894 0 0 0 3.13995558 -3.14159265 3.14159265
1674207955.83501577 -0.782555556 0.0500531675 -1.48219694e-323 0.999994997 0 0 -0.00316316439 0 0 0 3.13526631 -3.14159265 3.14159265
1674207956.03670454 -0.658513221 -0.142296047 -1.48219694e-323 0.999997935 0 0 -0.00203233773 0 0 0 3.13752798 -3.14159265 3.14159265
1674207956.33928704 -1.12165527 0.0567300674 -9.88131292e-324 0.999996582 0 0 -0.0026147399 0 0 0 3.13636317 -3.14159265 3.14159265
1674207956.54100466 -0.736470829 0.0135629275 -9.88131292e-324 0.999999055 0 0 -0.00137492047 0 0 0 3.13884281 -3.14159265 3.14159265
1674207956.84362316 -1.09885005 0.0309943287 -1.48219694e-323 0.999994702 0 0 -0.00325523284 0 0 0 3.13508218 -3.14159265 3.14159265
1674207957.04532361 -0.737357598 0.0436868264 -9.88131292e-324 0.999998953 0 0 -0.00144698214 0 0 0 3.13869869 -3.14159265 3.14159265
1674207957.3479321 -1.15444808 0.126203405 -9.88131292e-324 0.999999302 0 0 0.00118170955 0 0 0 0.00236341966 -0 0
1674207957.5496459 -0.756280242 0.00191320098 -9.88131292e-324 0.999999998 0 0 -5.65276104e-05 0 0 0 3.1414796 -3.14159265 3.14159265
1674207957.85219646 -1.18555943 0.000527931658 -9.88131292e-324 0.999991964 0 0 -0.00400906182 0 0 0 3.13357451 -3.14159265 3.14159265
1674207958.05398798 -0.775899918 0.0489174013 -9.88131292e-324 0.999997644 0 0 -0.00217092357 0 0 0 3.1372508 -3.14159265 3.14159265
1674207958.25568199 -0.785113754 0.0490952802 -1.48219694e-323 0.999999553 0 0 -0.000945561181 0 0 0 3.13970153 -3.14159265 3.14159265
1674207958.55826545 -1.27809519 -0.00576455977 -1.48219694e-323 0.999995927 0 0 -0.00285409316 0 0 0 3.13588446 -3.14159265 3.14159265
1674207958.86079144 -1.16079654 0.0470520292 -1.48219694e-323 0.999995311 0 0 -0.00306228151 0 0 0 3.13546808 -3.14159265 3.14159265
1674207959.06249428 -0.818772742 0.0200699373 -1.97626258e-323 0.999999888 0 0 0.000472543748 0 0 0 0.000945087531 -0 0
1674207959.36510038 -1.1409273 0.0457496754 -1.48219694e-323 0.999998679 0 0 -0.00162512345 0 0 0 3.13834241 -3.14159265 3.14159265
1674207959.56679487 -0.799959282 0.0167388686 -1.48219694e-323 0.999999999 0 0 -4.54150584e-05 0 0 0 3.14150182 -3.14159265 3.14159265
1674207959.86941028 -1.19629567 0.0656924446 -1.97626258e-323 0.999999967 0 0 -0.000257087463 0 0 0 3.14107848 -3.14159265 3.14159265
1674207960.07109261 -0.814869822 0.0507701453 -1.48219694e-323 0.999999711 0 0 0.000760338253 0 0 0 0.00152067665 -0 0
1674207960.3736937 -1.27167225 0.0485228346 -1.48219694e-323 0.999999612 0 0 0.000880753129 0 0 0 0.00176150649 -0 0
1674207960.57540965 -0.848060485 0.0806083345 -9.88131292e-324 1 0 0 3.77273656e-06 0 0 0 7.54547311e-06 -0 0
1674207960.87798309 -1.21263079 0.0481734122 -1.48219694e-323 0.999995666 0 0 -0.00294401971 0 0 0 3.13570461 -3.14159265 3.14159265
1674207961.07971668 -0.831685315 0.0567519164 -1.48219694e-323 1 0 0 3.02792104e-05 0 0 0 6.05584208e-05 -0 0
1674207961.38227415 -1.31332701 0.0129910691 -1.48219694e-323 0.999999199 0 0 0.00126561799 0 0 0 0.00253123665 -0 0
1674207961.68489599 -1.32892794 0.029983576 -1.48219694e-323 0.999999916 0 0 -0.000410194022 0 0 0 3.14077227 -3.14159265 3.14159265
1674207961.98747015 -1.39749215 0.11793316 -1.48219694e-323 0.999997025 0 0 0.00243937018 0 0 0 0.00487874519 -0 0
1674207962.18918443 -0.803259438 0.0554206281 -9.88131292e-324 0.999988696 0 0 0.00475484707 0 0 0 0.00950972998 -0 0
1674207962.49181509 -1.26860218 0.0825919428 -9.88131292e-324 0.999997769 0 0 0.0021121406 0 0 0 0.00422428434 -0 0
1674207962.79433727 -1.26076384 0.069158344 -1.48219694e-323 0.999998333 0 0 0.00182615335 0 0 0 0.00365230873 -0 0
1674207962.99609804 -0.755780794 0.0483930251 -1.48219694e-323 0.999986278 0 0 0.00523865073 0 0 0 0.0104773494 -0 0
1674207963.29862642 -1.42254261 0.106233964 -1.48219694e-323 0.999999521 0 0 -0.000978675851 0 0 0 3.1396353 -3.14159265 3.14159265
1674207963.60122299 -1.18066263 0.0741092375 -9.88131292e-324 0.99998626 0 0 0.0052421165 0 0 0 0.010484281 -0 0
1674207963.9037776 -1.22526801 0.0161856985 -9.88131292e-324 0.999990041 0 0 0.00446286561 0 0 0 0.00892576086 -0 0
1674207964.10551381 -0.89437383 0.0510573991 -9.88131292e-324 0.999999252 0 0 -0.00122329082 0 0 0 3.13914607 -3.14159265 3.14159265
1674207964.40810108 -1.18247048 -0.0516623346 -9.88131292e-324 0.999990723 0 0 0.00430737642 0 0 0 0.00861477949 -0 0
1674207964.71069431 -1.04091899 -0.0785079499 -1.48219694e-323 0.999961346 0 0 0.0087923879 0 0 0 0.0175850024 -0 0
1674207965.01325178 -1.20708667 -0.0878298895 -9.88131292e-324 0.99997335 0 0 0.00730059549 0 0 0 0.0146013207 -0 0
1674207965.21494198 -0.928856789 0.0537425839 -1.48219694e-323 0.999998575 0 0 0.00168794555 0 0 0 0.00337589271 -0 0
1674207965.51756716 -1.1908011 -0.013391962 -9.88131292e-324 0.999982107 0 0 0.00598206238 0 0 0 0.0119641961 -0 0
1674207965.82015681 -1.38890671 0.117739644 -1.48219694e-323 0.999997436 0 0 0.0022643314 0 0 0 0.00452866667 -0 0
1674207966.12269521 -1.3303174 0.0733255195 -1.48219694e-323 0.99999897 0 0 0.00143559667 0 0 0 0.00287119432 -0 0
1674207966.42528152 -1.37220428 0.11532057 -1.48219694e-323 0.999996251 0 0 -0.00273832066 0 0 0 3.13611601 -3.14159265 3.14159265
1674207966.72783279 -1.39350496 0.109231875 -1.48219694e-323 0.999999675 0 0 0.000806351972 0 0 0 0.00161270412 -0 0
1674207966.92956829 -0.571232095 -0.178283338 -1.48219694e-323 0.999980934 0 0 0.006175102 0 0 0 0.0123502825 -0 0
1674207967.23213339 -1.41544166 0.0974947858 -1.48219694e-323 0.999996256 0 0 -0.00273637817 0 0 0 3.13611989 -3.14159265 3.14159265
1674207967.53473425 -0.767019353 0.179341547 -1.48219694e-323 0.999800869 0 0 0.0199555333 0 0 0 0.0399137161 -0 0
1674207967.83730268 -1.42282026 0.0612703776 -1.48219694e-323 0.999984855 0 0 -0.00550364718 0 0 0 3.1305853 -3.14159265 3.14159265
1674207968.1398797 -1.36642551 0.0499003417 -1.48219694e-323 0.999999977 0 0 -0.000212502116 0 0 0 3.14116765 -3.14159265 3.14159265
1674207968.34161735 -0.928825066 0.00164930784 -9.88131292e-324 0.999998494 0 0 -0.00173544398 0 0 0 3.13812176 -3.14159265 3.14159265
1674207968.64430904 -1.18726783 -0.0726492573 -9.88131292e-324 0.999997701 0 0 0.00214447351 0 0 0 0.00428895031 -0 0
1674207968.94674587 -1.38694499 0.0601579146 -9.88131292e-324 0.999999968 0 0 -0.00025300999 0 0 0 3.14108663 -3.14159265 3.14159265
1674207969.2493763 -1.30644355 0.0307608898 -9.88131292e-324 0.999996016 0 0 0.00282259096 0 0 0 0.00564518941 -0 0
1674207969.55201817 -1.26306671 0.0882996989 -1.48219694e-323 0.999997777 0 0 0.00210865468 0 0 0 0.00421731249 -0 0
1674207969.75367141 -0.863537045 0.0711655287 -1.48219694e-323 0.999998828 0 0 0.00153101401 0 0 0 0.00306202922 -0 0
1674207970.05623531 -1.27174382 0.0965813698 -9.88131292e-324 0.999993965 0 0 0.00347428881 0 0 0 0.00694859159 -0 0
1674207970.35880756 -1.20825674 0.102579044 -1.48219694e-323 0.999996655 0 0 0.00258660236 0 0 0 0.00517321049 -0 0
1674207970.5605917 -0.8543862 0.0653963256 -1.48219694e-323 0.999993354 0 0 0.00364578521 0 0 0 0.00729158656 -0 0
1674207970.96397352 -1.664941 0.0795556606 -1.48219694e-323 0.999995812 0 0 0.00289414817 0 0 0 0.00578830442 -0 0
1674207971.26655436 -1.22316571 0.0934647349 -1.97626258e-323 0.999997379 0 0 0.00228944662 0 0 0 0.00457889723 -0 0
1674207971.46825528 -0.827493094 0.0399416246 -9.88131292e-324 0.999998871 0 0 0.00150296354 0 0 0 0.00300592821 -0 0
1674207971.87168002 -1.5417784 0.175524913 -1.48219694e-323 0.99999891 0 0 0.00147616604 0 0 0 0.00295233315 -0 0
1674207972.1743052 -1.13219429 0.240886239 -9.88131292e-324 0.999989374 0 0 0.00461006909 0 0 0 0.00922017084 -0 0
1674207972.47689867 -1.22689009 0.0932382682 -1.48219694e-323 0.999999693 0 0 0.000784186636 0 0 0 0.00156837343 -0 0
1674207972.77943325 -1.2303771 0.103032802 -1.48219694e-323 0.99999407 0 0 0.00344379436 0 0 0 0.00688760233 -0 0
1674207972.98115492 -0.808956514 0.0694917846 -1.48219694e-323 0.999999271 0 0 0.00120733997 0 0 0 0.00241468052 -0 0
1674207973.28378081 -1.08922795 0.104435197 -1.48219694e-323 0.999996176 0 0 0.00276537761 0 0 0 0.00553076227 -0 0
1674207973.58635521 -0.872806285 0.247279667 -1.48219694e-323 0.999998706 0 0 -0.00160893941 0 0 0 3.13837477 -3.14159265 3.14159265
1674207973.88892651 -1.24291929 0.101281365 -2.47032823e-323 0.999984177 0 0 -0.00562543308 0 0 0 3.13034173 -3.14159265 3.14159265
1674207974.19145417 -1.20586651 0.048206702 -1.48219694e-323 0.999970994 0 0 -0.00761645824 0 0 0 3.12635959 -3.14159265 3.14159265
1674207974.49406528 -1.18421438 0.0305005182 -1.48219694e-323 0.999949567 0 0 -0.0100430412 0 0 0 3.12150623 -3.14159265 3.14159265
1674207974.69578648 -0.652103336 0.184631327 -1.48219694e-323 0.99997692 0 0 -0.00679412749 0 0 0 3.12800429 -3.14159265 3.14159265
1674207974.99837494 -1.20792901 0.0310051696 -2.47032823e-323 0.999988923 0 0 -0.00470673706 0 0 0 3.13217914 -3.14159265 3.14159265
1674207975.30099916 -1.22126557 0.0583516282 -1.97626258e-323 0.999998459 0 0 -0.00175568738 0 0 0 3.13808128 -3.14159265 3.14159265
1674207975.60349798 -1.21559623 0.0820479099 -1.48219694e-323 0.999997721 0 0 -0.00213505618 0 0 0 3.13732254 -3.14159265 3.14159265
1674207976.00696707 -1.51022777 0.0753938645 -1.48219694e-323 0.999991058 0 0 -0.00422900813 0 0 0 3.13313461 -3.14159265 3.14159265
1674207976.30951977 -0.682937008 0.31587308 -1.48219694e-323 0.999930685 0 0 -0.0117739223 0 0 0 3.11804426 -3.14159265 3.14159265
1674207976.6121099 -0.959577887 0.0499031736 -1.48219694e-323 0.99999428 0 0 -0.00338241059 0 0 0 3.13482782 -3.14159265 3.14159265
1674207976.91470027 -0.925234218 0.0656475518 -1.48219694e-323 0.999998988 0 0 0.0014224114 0 0 0 0.00284482376 -0 0
1674207977.21724749 -0.566002343 0.205563989 -1.48219694e-323 0.999996482 0 0 -0.00265269781 0 0 0 3.13628725 -3.14159265 3.14159265
1674207977.51983047 -0.814274021 0.0708503538 -1.48219694e-323 0.999999017 0 0 0.00140222071 0 0 0 0.00280444234 -0 0
1674207977.82242537 -0.782882461 0.0643084814 -2.47032823e-323 0.999999009 0 0 0.0014075016 0 0 0 0.00281500412 -0 0
1674207978.12500811 -0.71650761 0.0746687298 -2.47032823e-323 0.999998826 0 0 0.00153210043 0 0 0 0.00306420206 -0 0
1674207978.42766118 -0.634457854 0.0660656708 -2.96439388e-323 0.999996506 0 0 0.00264341193 0 0 0 0.00528683002 -0 0
1674207978.73017502 -0.636480178 0.0798841555 -1.97626258e-323 0.999997869 0 0 0.00206435887 0 0 0 0.00412872068 -0 0
1674207979.03276682 -0.492713969 -0.222302651 -1.48219694e-323 0.999902543 0 0 0.0139608026 0 0 0 0.0279225122 -0 0
1674207979.33533001 -0.575717408 0.00552470518 -2.96439388e-323 0.999995398 0 0 0.00303380929 0 0 0 0.00606762789 -0 0
1674207979.63790751 -0.55987437 0.0141596276 -3.95252517e-323 0.999998794 0 0 0.00155277011 0 0 0 0.00310554148 -0 0
1674207979.94048643 -0.460124411 0.112311465 -4.94065646e-323 0.999999959 0 0 -0.000285459776 0 0 0 3.14102173 -3.14159265 3.14159265
1674207980.14220476 -0.312601256 0.00815532043 -4.94065646e-323 0.999999672 0 0 0.000809547758 0 0 0 0.00161909569 -0 0
1674207980.44478941 -0.397744454 0.0065538989 -3.95252517e-323 0.999999146 0 0 0.00130689224 0 0 0 0.00261378522 -0 0
1674207980.74733829 -0.359591986 0.0417980805 -3.95252517e-323 0.999998812 0 0 0.00154168036 0 0 0 0.00308336194 -0 0
1674207981.04994583 -0.325225601 -0.0026523051 -2.96439388e-323 0.999999193 0 0 -0.00127017661 0 0 0 3.1390523 -3.14159265 3.14159265
1674207981.35256529 -0.28112841 0.00202624037 -2.96439388e-323 0.999992358 0 0 -0.00390941632 0 0 0 3.1337738 -3.14159265 3.14159265
1674207981.65512633 -0.246362537 0.00322772472 -2.96439388e-323 0.999997373 0 0 -0.00229236104 0 0 0 3.13700793 -3.14159265 3.14159265
1674207981.8568449 -0.20286995 -0.0181387099 -3.95252517e-323 0.999997936 0 0 -0.00203171141 0 0 0 3.13752923 -3.14159265 3.14159265
1674207982.15942693 -0.306186029 0.00949548105 -3.95252517e-323 0.999995741 0 0 -0.00291866899 0 0 0 3.13575531 -3.14159265 3.14159265
1674207982.462008 -0.276254805 -0.0202265519 -2.96439388e-323 0.999999561 0 0 -0.000937096433 0 0 0 3.13971846 -3.14159265 3.14159265
1674207982.76457167 -0.247156804 0.0166881469 -2.96439388e-323 0.999997865 0 0 -0.00206628975 0 0 0 3.13746007 -3.14159265 3.14159265
1674207983.06722832 -0.227368657 0.0146771616 -2.96439388e-323 0.999997014 0 0 -0.00244386046 0 0 0 3.13670493 -3.14159265 3.14159265
1674207983.26889038 -0.153079284 -0.0018279295 -2.96439388e-323 0.999999898 0 0 -0.000450731514 0 0 0 3.14069119 -3.14159265 3.14159265
1674207983.57149744 -0.141773136 0.0151643931 -2.96439388e-323 0.999999732 0 0 -0.000732635048 0 0 0 3.14012738 -3.14159265 3.14159265
1674207983.87403703 -0.138879608 -0.00959077108 -2.96439388e-323 0.999999589 0 0 -0.000906974776 0 0 0 3.1397787 -3.14159265 3.14159265
1674207984.17664576 -0.136965267 -0.00238417103 -2.47032823e-323 0.999999072 0 0 -0.00136199478 0 0 0 3.13886866 -3.14159265 3.14159265
1674207984.47917199 -0.0953599224 -0.00189186111 -2.96439388e-323 0.999999929 0 0 -0.00037715248 0 0 0 3.14083835 -3.14159265 3.14159265
1674207984.78175545 -0.0781879117 0.00534760093 -2.96439388e-323 0.999999771 0 0 -0.000676801259 0 0 0 3.14023905 -3.14159265 3.14159265
1674207984.98346496 -0.0581071864 0.00090654667 -2.47032823e-323 0.999999676 0 0 -0.000805041472 0 0 0 3.13998257 -3.14159265 3.14159265
1674207985.28604984 -0.0179906752 -0.00980431625 -2.96439388e-323 0.999999944 0 0 0.000335506839 0 0 0 0.000671013691 -0 0
1674207985.58866239 -0.0395537739 0.0139996703 -2.96439388e-323 0.999999784 0 0 0.000656744686 0 0 0 0.00131348947 -0 0
1674207985.89122057 -0.0424920855 0.00578505336 -2.96439388e-323 0.999999997 0 0 7.31593565e-05 0 0 0 0.000146318713 -0 0
1674207986.1937995 -0.0201225003 0.00428290867 -2.47032823e-323 0.999999917 0 0 -0.000407099806 0 0 0 3.14077845 -3.14159265 3.14159265
1674207986.49636507 -0.0166284575 -0.0120217124 -2.96439388e-323 1 0 0 1.75250327e-05 0 0 0 3.50500654e-05 -0 0
1674207986.79896021 0.0029512262 0.00660167682 -2.96439388e-323 0.999999999 0 0 3.63150891e-05 0 0 0 7.26301783e-05 -0 0
1674207987.10152864 -0.0161781191 0.00795504139 -2.96439388e-323 0.999999597 0 0 -0.000897800482 0 0 0 3.13979705 -3.14159265 3.14159265
1674207987.40410328 0.018421229 0.00399227254 -2.96439388e-323 1 0 0 1.11355303e-05 0 0 0 2.22710606e-05 -0 0
1674207987.70667744 -0.013796353 0.0002944108 -2.47032823e-323 0.999999981 0 0 -0.000194814524 0 0 0 3.14120302 -3.14159265 3.14159265
1674207988.00948334 -0.0119767174 -0.0191428957 -2.96439388e-323 0.999999959 0 0 0.00028537845 0 0 0 0.000570756907 -0 0
1674207988.31188464 -0.0645171802 0.00370933434 -2.96439388e-323 0.999999209 0 0 -0.00125753674 0 0 0 3.13907758 -3.14159265 3.14159265
1674207988.61443281 -0.0810186005 0.00322971669 -2.96439388e-323 0.999999918 0 0 -0.000404863192 0 0 0 3.14078293 -3.14159265 3.14159265
